54 -58 -6 55 -23 38 -55 68 9 -59 72 19 55 13 -51 92 -71 62 95 -88 -56 3 74 -83 23 94 -59 -41 65 95 70 14 12 -55 95 -2 9 -10 20 -77 95 95 33 -4 19 12 79 -70 9 37 -51 -36 -48 85 85 16 -7 77 -36 96 -73 94 -56 98 -2 -90 42 -52 -19 -70 -12 40 93 41 96 -91 -15 -88 90 -97 -94 39 -95 -79 -54 31 -9 55 58 12 -20 -24 -46 -77 -37 16 44 54 -81 -79
68 -24 39 -55 -44 -25 -28 46 7 -96 12 78 19 -50 51 -81 -23 -61 61 77 57 -9 63 -62 16 44 22 -5 86 48 -53 27 20 -60 -6 44 -59 -65 -37 -53 -56 -49 91 12 -50 36 26 10 -33 -70 54 6 -85 63 -55 44 47 19 86 68 -2 65 81 -98 14 96 -41 56 25 73 45 -26 53 58 91 47 55 37 -12 -75 -88 95 -93 4 -96 52 -49 73 -61 -60 76 35 23 91 28 -83 -45 -84 64 53
-22 -62 52 89 -65 36 20 -51 84 -78 -68 11 83 56 -94 -66 45 -77 12 42 -67 -75 -99 62 0 -71 -36 -52 42 -81 -16 69 -98 -60 -47 -4 -85 36 -97 -52 39 30 46 -75 -64 -97 -69 40 -36 32 52 -67 39 -80 0 -52 80 -48 -79 -7 -2 14 -33 -63 88 98 91 -14 -45 -56 -25 -90 5 53 96 -91 -55 10 -60 -51 -52 97 45 -59 51 52 -42 -26 -71 95 73 -9 -87 38 -11 -68 -82 -16 -25 13
97 -63 94 -4 87 -91 -57 96 -79 -75 -15 -1 -45 -73 -42 -99 7 87 7 53 13 -17 53 3 54 -86 60 -9 -65 -96 35 -5 89 63 -77 -46 92 37 84 -54 86 89 98 8 -10 38 1 34 49 -94 59 -72 69 26 55 27 80 17 -37 -8 -23 -16 -22 48 -46 -3 -96 70 -7 28 -47 -25 -20 96 72 83 70 -55 80 -95 -46 -3 3 25 41 55 14 34 -90 72 48 -73 48 -66 -40 61 -52 -53 67 -4
-53 87 69 15 -84 90 -97 90 -79 -11 -76 65 20 -66 42 -36 14 89 -42 -55 26 40 -41 -36 0 -73 53 -27 -46 -36 -71 -22 -50 32 81 9 -86 76 69 53 6 15 22 -6 48 -49 26 98 -87 -83 -42 30 -66 86 9 -41 13 80 -38 -88 24 -69 -79 62 -50 16 -62 91 73 46 17 -94 -73 98 -100 -61 9 -57 63 56 10 93 -77 75 83 85 96 -37 -42 87 -5 -89 -43 -55 -85 70 -9 79 -83 55
-56 6 -66 45 13 -56 38 99 -63 -96 -12 91 -32 42 13 54 -33 97 11 -98 100 66 -62 46 -5 72 36 -47 60 77 50 7 -29 -26 -3 -94 -30 27 -52 -21 -34 91 58 74 90 16 -27 58 -18 56 -60 -67 97 -78 73 98 -3 75 -60 9 25 59 87 76 -86 8 -20 43 -3 22 -54 -5 65 -17 89 21 93 6 40 20 -24 57 76 11 43 8 -47 84 -37 -88 -37 -71 -12 -73 78 27 27 45 75 -84
-80 -76 -23 81 -46 -4 -71 18 -69 87 77 -23 -75 64 88 -30 -18 -25 -42 -18 -6 -66 45 63 47 21 -3 38 -78 -70 -20 -68 76 18 -6 55 59 -77 89 10 1 56 -8 -93 -18 46 -40 71 -38 -86 -96 39 -23 -100 27 -53 72 14 -94 14 -88 -99 71 95 85 6 12 15 -7 17 66 -100 93 -94 -28 71 -93 22 -18 18 90 36 46 53 -21 43 -23 58 -14 100 -24 -83 -63 65 -8 -22 -81 -74 -1 99
42 -71 79 49 -74 54 99 -39 -1 -34 -94 2 -31 -95 -36 70 -11 -45 90 3 41 54 66 -3 52 37 -16 81 -96 -21 15 95 87 -50 99 -37 35 -54 71 -61 77 57 -78 -91 -66 77 -57 99 23 -46 -70 61 -1 -75 28 62 90 86 54 28 37 -1 23 -74 -92 -71 30 44 27 25 -14 -26 40 95 -40 52 -2 -22 -84 88 -12 -73 -6 -69 -47 34 -17 -31 -50 27 90 82 17 41 -43 -21 16 61 99 5
66 -50 -58 98 -71 -87 22 22 -81 -9 28 -3 -87 -83 74 26 57 -72 -28 80 75 -23 32 -16 -72 98 -75 86 -95 97 -61 76 75 76 -70 14 -6 -46 -20 65 77 -37 -28 79 -19 17 -92 -71 -63 -38 -65 -76 29 68 -40 -28 2 -59 48 -78 -98 91 -28 0 14 48 56 52 -62 -85 -11 -52 47 -18 16 7 23 -84 71 -36 -80 12 -10 -99 83 -48 27 -49 -25 53 -88 9 94 15 32 7 13 12 98 -15
61 100 -56 25 95 -54 -28 -51 -100 -12 88 90 81 -1 -7 66 -47 90 -82 -79 -99 -32 -60 83 58 4 95 -97 28 -26 -46 -86 49 -5 -86 -60 11 -22 -15 36 70 -70 72 -95 -92 -35 69 -36 99 -23 60 -100 83 58 -24 43 -34 -18 -26 92 92 57 33 73 76 93 -13 -92 -16 69 -47 -36 53 -77 -42 15 -11 97 -5 -20 91 -14 85 -33 72 -39 -40 -73 -39 82 -30 13 -25 -58 92 -76 -95 53 68 -14
-18 -16 -84 40 -62 29 -31 86 -43 42 -96 18 93 -51 -27 75 -85 40 32 21 36 13 98 -96 -30 100 52 41 16 -4 88 66 11 99 13 60 87 -49 -96 -39 78 -66 32 -5 -99 -58 -46 -69 -29 16 16 52 -28 -13 -73 12 79 -68 34 -36 35 -88 71 -1 6 75 -96 -74 -37 -90 -26 -15 -24 99 49 -75 87 -19 48 88 -82 77 85 -47 -13 7 -6 -78 33 -91 -70 -83 14 -95 52 -76 95 -86 59 -20
-100 61 10 61 84 37 -11 46 -13 -37 38 22 -22 -95 -40 -55 45 -100 -73 -13 90 85 80 -53 -82 75 -70 24 -36 83 48 24 98 -50 -76 70 -81 100 98 73 -19 -32 18 73 43 21 26 -3 8 32 91 23 -59 88 86 -9 15 -8 -14 38 -51 -4 -59 5 -47 -97 -55 93 77 26 -70 -66 24 43 37 85 22 -86 -4 -97 -16 23 2 67 68 -89 -51 30 53 33 52 20 -72 93 -90 -2 56 70 12 11
39 59 -2 -16 3 64 9 11 -62 -86 -50 3 0 4 65 25 -76 44 87 -87 -14 92 74 28 -3 31 -33 -12 47 97 44 -93 -47 86 70 14 -33 85 90 -99 -99 -30 -44 -25 -55 100 88 -56 44 -71 43 -67 -29 37 -59 -3 -72 83 -29 -14 7 80 51 -99 -33 87 1 76 11 71 82 -93 -42 1 75 -98 80 -3 22 -29 -82 43 30 7 89 70 -20 -4 75 -94 97 31 76 94 -83 24 92 -6 45 34
-60 52 -27 59 -75 98 57 -4 -87 29 57 -5 -76 71 60 30 -66 -63 57 -97 54 -3 99 97 -88 -15 -82 1 30 37 44 -59 78 -29 8 -24 55 -24 -6 -94 -12 -81 21 -74 32 -35 89 -6 -31 -30 98 1 -94 13 -14 32 37 -92 -51 68 90 21 51 -61 100 -56 11 20 -75 30 13 -43 41 91 -76 21 66 46 -100 -84 1 -9 17 -28 94 40 26 74 -7 -33 4 60 56 -96 93 -64 27 13 -92 -28
-51 -38 39 -37 -75 99 -60 -30 -57 -49 -86 -58 -44 27 83 -70 43 89 -89 -30 -77 86 -46 62 -56 -66 -99 91 -20 -76 -84 53 -52 -1 44 -85 -27 -83 87 -91 93 26 35 -14 -67 -75 59 -58 30 -4 18 -69 -16 63 3 -48 31 -4 -45 89 -62 -6 -31 -45 97 24 -56 -57 96 94 -89 16 -21 78 -13 -54 40 -28 -72 5 29 82 93 -9 -18 -16 -91 -66 89 -16 -45 -66 58 43 86 -51 73 -9 63 87
6 71 50 -14 6 -65 -9 -65 -65 -18 -78 15 -68 -36 41 24 -31 34 -23 88 19 96 -11 7 -60 2 -8 45 47 38 58 -63 8 -74 -67 -2 -69 -97 -37 -57 52 -83 -41 23 -79 -83 -53 -13 -38 2 68 38 82 -99 71 -95 65 -29 -20 -1 -9 69 -28 -5 -58 -35 -86 19 -10 38 47 95 83 24 30 23 80 -31 36 -37 87 -16 -38 -22 -76 91 -23 66 -84 95 61 -85 30 34 -34 59 94 -25 100 96
21 84 35 60 44 6 35 98 24 5 -52 -5 -85 75 59 33 52 30 -14 56 10 33 80 35 13 -84 52 -37 -60 47 -26 -8 -2 65 30 -53 11 93 -21 45 -77 -24 -21 -67 63 -49 43 -64 75 84 -19 11 78 85 -84 19 -78 -64 44 59 -40 -12 -65 62 26 39 -82 -44 -40 70 16 -74 -82 -17 43 -99 -18 52 -61 59 -71 -44 -96 -55 91 31 74 43 71 -6 2 75 -49 -28 -41 -60 24 0 90 53
11 -58 53 37 70 41 -51 -1 -48 -13 0 46 50 -74 79 58 6 -25 31 -22 82 -7 -86 -19 -73 -5 -49 -12 -17 -88 -64 -45 14 96 -11 27 -41 -41 -44 4 -20 -1 42 -17 27 -30 -72 -35 -24 25 -29 24 -41 13 0 26 -34 -23 -55 48 43 23 32 -4 16 -20 -54 5 -22 25 66 100 45 -85 25 -87 -16 68 77 27 86 27 -43 30 50 41 64 -89 18 -92 78 94 76 -21 67 38 -3 48 59 41
-40 72 23 -20 78 -63 79 -27 43 68 47 -3 -64 -17 -95 32 -24 19 -41 87 62 -40 -92 6 -87 30 47 48 64 75 -27 11 -51 5 31 -85 -57 69 68 60 -47 -81 -15 -48 -75 5 -41 -90 81 -86 -75 79 99 69 34 -85 34 -37 57 91 59 -4 38 33 78 25 -66 -37 80 -98 66 -94 65 59 9 -67 63 51 -78 82 -72 -3 39 59 -62 -77 -54 -36 58 -45 -39 -66 29 -73 22 -12 76 89 -61 12
62 -8 -71 -45 78 -99 -35 17 -39 76 25 -72 73 0 -3 75 -22 -75 -6 -7 -51 -86 -83 84 61 -18 26 83 58 82 -56 -12 60 49 24 -91 23 -30 4 -33 18 37 6 99 69 78 47 -62 -95 -15 -40 -69 95 -96 -38 -43 32 -37 87 36 -15 21 -44 97 87 -57 11 -9 -2 56 -38 88 -76 33 47 52 -70 50 -10 4 17 88 -53 -42 98 -5 -54 -33 -94 48 78 56 50 37 -42 20 -37 47 -35 49
-95 -21 -87 -7 -80 80 -55 60 -19 -67 72 -40 80 48 -52 -100 -21 4 -40 -45 53 -33 14 -11 -49 32 35 84 59 -38 -25 -62 55 -58 1 38 -54 -24 -9 84 -60 -71 -3 58 -31 -46 -18 63 2 -1 -72 -88 86 2 -35 70 -75 2 -82 -55 31 -68 83 -65 -73 -72 -20 -68 90 -48 -19 -23 -51 28 31 14 -29 18 76 -37 47 60 -38 -32 -9 -7 65 10 -25 -93 53 -28 -97 -84 53 97 70 -77 6 4
27 -41 68 -35 -7 9 -20 -53 49 92 -84 76 -95 84 26 37 -34 -73 50 88 -64 -91 31 -95 -10 -42 -6 15 -31 -59 -33 15 -100 88 82 86 -12 25 -7 -16 -40 88 30 -4 -41 -31 -2 74 23 94 63 -48 72 -96 -43 -22 -44 95 -21 -94 7 100 13 24 -71 30 74 0 24 38 -90 -30 81 -1 44 91 70 39 2 -48 -22 57 34 -11 84 -89 -90 -69 -6 -65 -91 23 21 38 -31 21 15 -33 -39 -96
-92 -31 -37 -85 80 83 16 -88 -95 -60 37 -59 69 -87 0 85 -72 -30 9 -46 -26 32 -90 85 20 13 -84 16 74 -9 -37 -34 -40 -88 -65 46 -60 -20 5 14 87 56 16 7 85 36 27 -40 93 91 42 16 -93 -94 41 -50 3 27 85 87 63 25 83 -92 23 -13 -63 8 99 -68 29 36 -81 77 39 -15 82 73 43 -78 -54 60 6 18 5 59 73 95 -42 17 -11 17 82 -21 -29 -96 80 -98 25 -95
-31 94 -1 14 83 60 -16 22 58 60 43 -33 69 -3 53 10 -100 -79 -2 -76 -74 -71 -32 31 -8 57 79 74 2 -52 -90 -56 -46 25 91 -46 -10 99 27 52 38 29 46 -78 -73 8 -49 -76 -93 -95 -7 58 -38 -45 26 -4 -88 36 -8 14 87 64 -14 -63 -32 -45 17 88 -63 56 46 0 -94 -62 8 58 23 -33 2 -36 -67 1 40 5 -43 -66 -22 93 81 -92 23 97 43 51 -29 -13 17 -40 -32 -17
29 32 83 -82 58 -66 -16 -4 98 30 -33 47 38 84 -87 -36 -84 96 80 22 70 -92 -71 1 -99 78 -30 -17 9 -49 25 90 -44 22 32 68 -53 41 74 86 -1 33 47 -7 70 -97 -72 -82 -26 100 -45 -20 6 -5 -27 5 -59 -28 48 -68 -98 -68 -44 88 -56 76 87 39 13 -23 -14 -80 -58 49 29 -12 99 -85 39 2 -8 -6 7 -100 69 91 -91 -99 -53 44 64 48 -21 9 -2 -47 -42 21 -30 9
-49 -54 -93 -14 -73 -4 74 -51 -27 -31 -67 89 42 89 42 40 83 62 99 89 11 24 42 77 69 -13 23 72 3 -32 -23 48 -8 35 47 -69 76 -4 -27 48 -62 94 2 22 93 77 71 -98 50 94 89 74 68 -62 80 -87 -45 -35 13 -26 -7 -96 -60 -3 76 99 -17 43 -65 -45 -81 79 12 55 -96 75 -76 -10 45 87 -28 -30 98 69 -39 98 81 16 6 -54 31 96 75 72 -24 -98 -61 73 -54 97
-46 -50 6 -82 29 -46 -32 70 -30 37 -9 83 61 75 -8 -53 54 -32 8 -23 86 79 88 -97 -93 97 100 18 66 76 -93 17 -19 -32 -63 89 -45 -48 89 -41 -62 46 -42 -78 21 79 -66 61 -15 -29 48 -99 86 -13 53 -28 90 30 -92 38 -34 46 -59 100 -70 46 49 87 82 -96 30 -12 -12 15 -22 2 33 98 -54 -57 -15 -98 -58 -49 29 52 -77 -51 82 -9 -24 63 14 -50 88 18 -83 -12 19 -64
-98 -67 -46 -3 -89 -50 -44 -45 -1 38 35 20 19 -54 36 -1 -70 85 -62 -9 82 -99 -71 92 -50 -26 89 -40 50 -42 13 -95 91 86 48 72 -40 30 -83 -84 15 15 29 56 -71 5 -10 -31 -54 -99 51 -37 -12 6 95 85 39 -7 13 -76 58 -78 52 88 50 -24 32 6 8 -78 -68 -73 29 0 75 67 -19 -3 -54 -27 -87 -92 -68 17 -90 -69 90 35 68 42 86 -32 -1 71 95 55 -84 -83 -62 -60
61 8 -30 88 -39 42 86 -67 77 40 11 64 93 30 -15 -70 -48 -21 -69 -38 48 22 -99 63 94 -12 -75 -37 -9 29 -31 64 38 -98 -12 6 -17 3 73 -89 58 -30 -50 49 -83 -74 4 -23 67 -2 -6 -44 -56 -39 -62 99 -79 -6 -6 21 -75 59 91 -91 -41 12 -58 -56 65 45 -33 -19 -67 22 5 27 -35 7 39 -16 69 37 -11 -23 38 -61 -53 62 -54 -49 54 58 9 -11 -96 14 -65 -21 5 76
71 -41 -76 56 81 -40 -5 53 88 -57 -93 1 91 -7 85 65 -67 -93 100 -56 -34 -27 -40 17 99 25 77 68 15 -60 97 84 32 89 -27 62 57 70 -97 0 -42 -67 56 46 -16 75 -27 60 78 -70 1 54 13 77 -49 -44 -20 81 78 79 73 19 69 73 -51 -79 27 -65 99 23 80 -61 0 83 24 -21 85 -98 -89 -37 48 2 -67 45 29 62 -17 -94 -6 -34 -71 77 -11 -4 -65 -22 76 -13 78 -49
12 65 36 48 55 -98 41 -30 20 -96 -28 48 90 -37 -24 -92 44 -55 -88 47 -85 -5 -61 -24 88 -27 78 -80 -56 -50 -48 58 -10 -55 90 33 90 74 -87 56 -8 -55 73 48 27 -95 -30 1 65 -69 100 -88 39 96 87 53 -38 59 58 -24 78 -30 -29 9 -65 -62 -73 -14 -26 28 -4 2 27 9 25 -21 99 -11 -38 73 64 -43 -2 23 -6 -67 -40 100 7 -55 95 -76 6 16 67 -92 10 -78 -21 56
-30 11 -14 89 -11 23 -26 -69 10 47 -56 72 84 20 -2 38 67 99 -31 96 -66 71 -20 -23 -59 -51 -38 71 -58 81 42 51 -18 69 -21 32 26 -26 -96 -75 -56 45 -76 12 -68 -89 -38 -48 22 52 71 49 -43 50 -39 16 -69 72 12 57 1 52 -22 90 -53 48 -16 10 52 11 45 -78 40 -43 -18 52 -80 -66 -89 -5 -92 70 37 75 53 26 -14 37 -46 -79 -98 82 22 -45 10 1 98 38 -17 46
-52 -9 -99 -46 -99 -74 -37 -82 -2 55 -2 -3 -21 35 -97 -8 -65 -5 1 -41 -7 -3 -95 17 89 49 -8 71 -79 37 -18 40 50 -30 42 -36 81 -71 -49 -44 -9 15 -97 96 13 36 -86 32 19 -20 -21 78 93 44 33 36 -46 68 -37 98 -3 52 -11 65 -32 63 -5 43 -38 -52 -30 24 19 60 79 79 41 -59 69 89 -72 43 73 21 -73 84 -74 77 30 15 21 15 -52 -79 48 39 -49 -52 -100 47
-55 33 -97 24 -23 -66 -23 70 -53 32 97 -92 -1 23 -35 19 -36 -79 -25 20 -10 -65 -65 -66 32 69 -31 -22 55 40 61 91 -21 7 -89 -75 41 -36 -28 69 -94 46 79 -24 -18 59 82 86 59 55 73 34 73 -27 76 39 99 54 -76 84 -8 70 -8 -26 56 97 36 -67 -34 89 -72 1 64 -30 90 -24 24 29 -73 -51 -79 -3 29 -98 -58 60 -45 -99 26 94 37 29 -76 51 -17 91 -41 83 -21 -72
10 69 31 -33 -40 -80 -77 -50 12 -60 96 76 -73 -89 71 -13 52 96 83 -38 -57 -57 80 9 86 -90 -96 80 23 -37 70 -35 41 -6 22 0 11 -76 -43 -82 -16 62 30 -72 -74 85 45 -48 -73 -49 64 -29 6 18 72 -80 35 -97 -81 71 -57 -76 48 92 65 -44 39 -12 -96 53 41 48 0 -35 -35 -97 49 -18 17 20 22 -5 9 0 73 -84 77 75 70 -23 -33 -36 -56 -40 36 23 -66 73 54 -87
30 36 27 -34 63 -46 -86 84 32 -48 90 70 -78 3 -53 37 -63 -43 19 65 -52 47 79 -95 65 -80 -18 73 -79 -5 21 -42 88 -99 -62 -96 0 -20 56 47 33 63 -21 -72 -58 -76 64 -77 78 40 -87 46 22 -96 9 -82 65 -98 -11 98 6 -58 -16 -28 -10 -46 -31 -5 -44 -82 0 -15 80 96 -63 10 30 -42 5 69 -48 -33 -88 94 61 85 31 -58 -23 1 -14 -36 -12 -42 -37 -96 18 64 -96 83
84 -63 7 -50 82 52 53 24 81 -65 28 -87 -77 53 -42 40 19 -74 -70 65 -49 63 -92 -4 -19 54 81 -27 21 -70 59 34 -11 41 38 -62 90 83 77 50 -93 -15 -62 -75 69 99 18 -86 1 20 -84 9 -93 17 -24 79 -65 47 -7 14 100 -68 97 30 72 -23 -94 -77 -32 64 97 -82 66 98 -10 75 -26 83 83 -24 71 -38 -87 -71 79 -17 -20 11 86 -41 -18 86 8 68 3 59 -63 94 -82 7
33 -68 86 -62 -13 -8 -93 28 -3 98 79 -35 -54 -47 2 -54 -82 24 -19 90 -13 43 96 -16 41 89 -79 -54 -77 -27 -74 -16 -64 -27 16 -65 43 78 43 -15 -98 53 21 88 71 67 -16 93 52 26 49 63 0 32 -66 -91 68 84 -83 -97 -98 -57 72 28 17 -48 -41 -59 17 -100 -50 7 14 98 -63 88 -40 -2 10 94 -34 -11 39 -75 -36 -69 -89 37 52 -12 49 -98 -6 26 -85 92 40 -67 -26 65
12 -96 -85 -33 -67 -53 -89 -36 -53 83 -74 74 -47 -44 24 70 55 -60 -60 98 19 -92 -80 66 -88 64 40 100 30 32 -6 -92 -98 -67 40 -79 43 -23 64 -25 32 84 51 69 6 -82 55 27 -81 -96 83 -56 3 15 -8 53 2 -80 84 -66 -96 45 -52 -78 39 -39 -72 26 86 -72 -48 79 -51 71 64 96 -94 -93 63 70 -34 54 -35 -2 13 -10 56 -79 -25 -91 13 -42 0 81 -39 89 -70 9 -37 100
93 -59 11 90 5 14 -41 65 -38 21 -19 -60 30 13 77 90 -58 -25 -19 96 33 -72 33 -9 55 72 -37 35 91 85 87 60 -77 -8 74 4 -74 -100 53 -8 57 16 88 -73 25 19 28 -1 44 53 -28 32 36 -80 -90 -93 26 6 14 39 -68 -56 18 -61 95 -15 80 15 -71 22 -23 -68 86 80 -27 77 35 -55 -46 -63 -71 -93 -2 -58 -52 -45 96 -78 -18 51 94 -40 -86 7 -9 -29 -93 19 19 -2
42 34 9 -87 -36 -55 68 -65 66 60 59 12 -51 62 -49 -89 89 -72 -42 -43 5 37 33 93 -32 -53 1 32 87 64 -11 -26 0 -52 -2 -95 -92 13 -36 -19 91 -92 36 -88 2 23 -29 -65 -60 -18 95 -88 10 0 -44 17 -34 -92 -54 55 -87 -92 35 -61 41 -33 40 -15 -83 -64 61 36 -83 -3 -21 92 -86 44 65 6 -80 6 -58 0 22 -49 -4 95 -25 70 49 40 79 -80 -21 67 3 57 38 52
-46 -73 -24 -95 -68 -79 19 -63 49 95 -50 15 62 -22 -45 97 -15 77 -88 -74 32 -13 6 -25 7 -43 -37 -25 69 -6 9 59 -62 62 76 -20 57 -40 80 -18 51 -5 20 82 -49 96 -22 75 74 -53 -95 -43 -31 7 -20 84 57 51 -77 38 -60 -9 -88 -58 97 -92 7 -22 -40 97 -32 98 -67 -19 11 58 94 46 -88 -17 -99 -16 68 -96 75 37 -48 9 63 57 -19 -32 -10 26 59 -93 5 57 -2 -19
44 -29 65 -40 98 10 38 32 -28 65 -69 -59 -72 46 -83 -84 -19 95 43 75 -52 20 -6 -45 17 -89 22 -75 96 26 84 -47 72 -43 -18 24 26 -90 -70 -43 -54 -56 93 -36 -100 90 88 100 58 33 64 -41 -17 -9 48 78 -53 11 -80 39 48 57 -5 -24 68 -86 44 1 -95 99 92 -14 -99 48 31 -41 33 2 28 0 1 -25 47 97 -43 47 9 -17 52 -100 -86 -20 93 -36 45 33 53 77 -17 58
-31 91 -30 -75 -1 -39 14 61 -34 34 -51 -63 -99 23 74 5 -71 89 79 28 45 -24 -95 -42 74 -21 -69 56 -36 -86 -3 -41 70 35 32 -40 61 76 -88 -100 -74 84 5 -65 -70 95 9 -66 28 32 40 -13 17 -51 -99 -34 60 98 66 52 67 79 70 73 86 -49 -32 100 -60 -44 -29 59 59 -90 -92 -59 19 -24 33 -59 25 14 -35 -15 53 -26 51 -15 -67 25 -43 84 -93 -43 -50 85 -68 55 34 -84
-43 38 -84 -1 -34 94 -49 1 53 96 -49 -28 -11 -91 -14 -40 -1 24 -60 18 -91 -3 -28 84 -8 69 59 -48 43 -98 -2 81 -1 88 17 -63 90 -31 62 26 -31 -3 -67 -49 48 83 96 90 -38 -89 58 4 94 -80 73 63 -55 -36 37 21 -74 58 61 -59 -26 -85 -35 95 70 54 23 71 56 -10 -12 41 -28 -31 12 51 92 35 94 -52 68 53 -94 -88 67 69 10 -66 -67 64 87 -4 65 -74 49 -45
10 96 22 -23 -61 89 70 11 75 88 -27 63 -21 -100 33 16 -69 -65 -81 76 100 -83 93 32 -81 18 80 -44 82 -67 30 51 -91 7 -38 -96 92 -26 -11 -47 19 76 -97 -15 86 85 -97 87 -19 62 54 84 0 -24 -18 -42 -97 -27 1 -36 -100 64 9 29 -50 -18 -96 -5 75 -41 -4 -60 -81 -29 13 -57 -25 -4 22 -59 -32 69 -91 -17 -41 99 88 -8 45 87 -17 1 -11 100 91 73 -2 -34 22 24
2 65 77 31 80 99 68 -83 73 50 -71 -52 -48 -94 -20 -70 -71 -10 96 -100 -38 21 16 28 -24 -20 76 -61 -1 -51 -14 -85 -28 -71 -75 100 -29 36 82 82 -26 -15 48 76 80 54 0 70 59 -30 -50 29 -90 9 -53 64 54 28 -55 -33 69 -8 -56 -96 75 68 -28 -95 -11 -36 -49 6 89 18 -76 61 89 67 -51 74 10 -59 -24 -70 67 -6 -67 -73 -88 65 36 51 -18 67 -61 42 0 82 -22 15
-88 48 -52 36 25 22 16 17 70 79 93 -62 33 18 -84 96 35 -43 -31 -69 53 -91 52 -20 -13 -75 15 85 -39 -37 -95 -69 30 -59 67 67 21 100 -22 84 -97 92 -90 -36 15 89 -10 31 88 -47 87 -31 71 38 21 -51 -60 30 73 41 61 17 77 -68 -74 27 -34 -96 16 47 37 -81 -53 -31 35 60 -22 -6 -59 65 77 21 -9 -63 -18 -55 -31 80 99 77 16 -37 -87 -45 -49 -96 64 -38 19 73
-86 -70 -3 87 -54 85 -64 -80 38 -14 26 69 24 73 -26 -23 68 51 -4 -27 14 -97 -43 -77 -92 12 67 44 36 -95 92 -49 57 -95 49 -20 -27 30 -1 -9 -89 82 -70 19 85 -70 31 64 76 -31 -11 -72 -21 -56 30 34 -73 -53 31 98 -31 43 25 37 -82 -1 -54 -80 46 -97 -9 -50 -72 -58 72 91 -34 88 -66 85 -55 -25 41 72 -38 -8 13 -84 64 -44 -65 76 -57 96 44 82 71 88 41 31
-23 -3 -73 58 49 -50 90 97 26 -25 -78 18 0 17 65 -25 -60 93 81 -27 80 -56 81 -34 -65 -80 2 22 76 54 29 -43 73 74 97 -47 -34 30 70 93 -92 -77 93 -78 -70 -44 -60 -4 40 -41 -34 40 -23 -65 42 77 -100 -72 -61 -69 -15 30 90 52 -94 -60 10 50 7 60 81 23 -74 -90 -18 -8 46 37 -72 25 -55 -48 -11 12 -66 -24 -71 3 42 -62 62 -30 -63 -87 95 70 -77 -90 73 -67
-17 50 -48 -51 -88 78 -79 43 -87 100 97 23 -49 55 -70 -65 -33 -59 27 68 -49 45 75 -87 10 52 39 -13 24 69 22 -28 8 72 -19 -17 -33 74 83 18 40 -16 -40 -15 60 -18 77 79 80 -12 48 -72 11 40 -59 57 -12 -67 -63 -44 11 -47 86 96 66 -89 -5 61 35 -89 71 -15 52 -3 28 35 -75 20 100 -96 17 -18 87 -62 29 35 76 10 -36 69 -2 68 -26 9 44 11 17 -89 0 9
-19 74 -14 29 -46 -66 -89 71 -44 96 -26 82 15 6 22 -14 29 -61 60 -11 -45 29 86 -91 -3 -84 47 29 93 -19 -75 20 22 -52 -92 65 35 99 -100 45 14 -19 74 -85 88 93 41 17 -58 -14 -89 -7 -64 -84 6 -98 -83 -97 43 50 38 89 -82 -69 -3 -30 -9 -67 -35 -11 6 -24 54 31 27 -81 -97 58 -86 -11 3 -80 -71 64 77 10 84 45 -26 -72 -1 -26 85 38 48 86 -13 -45 -80 96
62 100 13 27 57 65 56 -31 65 -39 -43 66 -58 -5 -4 -45 -21 99 -44 -34 -70 -28 60 -26 -79 33 -62 -72 -54 92 21 54 71 99 -83 -77 0 43 -48 -13 -60 9 86 -55 -74 9 84 57 -85 -12 -8 -82 -66 -70 -69 49 33 91 -26 44 28 -44 13 -18 -91 28 12 -95 17 -22 -42 -41 35 87 93 48 73 -51 92 35 9 -9 -13 -83 -45 77 -29 -69 17 -13 85 -53 66 -92 21 40 48 -100 39 24
59 -49 -4 -42 -89 21 -13 86 -37 37 49 2 1 -34 -37 -76 29 73 -34 90 24 56 -91 70 -74 83 9 6 -39 -95 -87 -14 89 -32 28 77 -30 -35 -47 -25 15 53 -48 100 43 -52 -6 -16 -76 73 -84 45 -4 30 -81 -87 -26 -74 -35 88 97 63 76 72 -71 12 29 -39 -69 -64 -85 -51 -45 -84 97 86 -74 -44 84 88 4 98 54 -90 97 -63 -76 6 -56 -10 -14 -67 76 -15 51 18 33 81 18 20
-52 79 75 3 97 45 -32 -18 73 -14 -24 -15 37 65 44 63 95 76 7 8 7 51 45 -42 55 31 0 15 21 -88 -38 -56 -79 6 -39 -99 -71 -74 -51 20 5 -26 -3 76 69 95 -64 16 -55 69 -22 7 -93 -48 -1 -42 -30 88 66 -77 64 93 62 88 59 -18 -85 22 -14 -44 19 73 79 26 -81 2 29 -54 -86 48 76 -94 0 81 -68 77 -4 81 -31 -48 38 62 -85 1 -79 -55 -49 -60 42 69
-64 -34 99 -28 -51 98 -71 -88 -18 89 53 84 -6 -24 77 -52 -95 -20 -24 24 -6 32 88 -4 -65 7 91 54 -60 -95 17 -100 -10 -30 -76 -25 41 70 27 76 -25 -12 69 63 -63 -14 -13 -93 84 46 -34 70 -81 95 89 -61 91 -21 -37 2 -18 16 -78 62 -54 -57 33 81 66 26 0 -43 85 58 -98 -68 -95 19 37 -27 73 -88 66 -73 -44 78 -5 54 -4 66 97 82 -61 20 -81 -1 -84 -69 -68 -28
79 -11 -62 -77 22 -17 -62 30 -49 -64 67 97 53 88 -2 -33 -80 77 -23 64 -32 -13 -23 -14 2 -15 -70 17 -31 20 -55 -87 86 -41 -78 -38 -48 -4 -7 -29 -9 -35 68 -44 86 3 72 60 45 10 -64 -89 65 -70 -55 11 38 -19 -35 97 -87 4 79 -31 33 -38 67 56 86 -33 -89 24 -15 4 -42 100 -91 72 0 -10 30 -84 71 -76 62 57 -21 12 -40 59 74 -19 82 18 3 -39 -34 -66 15 14
-8 -41 79 -55 -65 64 -64 -22 -93 3 80 -34 -12 60 2 -20 7 -99 88 -51 19 -59 86 -32 25 98 36 98 11 -13 -47 49 -48 -45 14 25 -79 60 -9 -63 70 69 41 -40 81 92 42 -90 -84 86 99 -9 39 47 -85 66 70 1 -47 -98 -69 -80 63 -10 84 47 -17 20 36 -98 29 -35 80 -37 39 -5 14 -77 6 96 -35 60 78 -68 14 69 72 43 -8 -37 -42 67 -73 2 65 9 74 -43 73 -46
35 38 -2 -95 60 -63 55 47 35 23 -59 -59 29 7 18 -51 71 58 38 89 78 -62 -85 -24 -10 -62 66 48 48 -69 74 42 -99 36 -14 26 65 -51 85 39 -40 -40 49 89 -12 -77 -43 44 -48 48 -89 -27 75 -88 -13 -58 67 -93 77 65 -69 8 11 13 33 -24 -4 -36 -30 -46 68 59 0 -70 46 -8 -69 -72 28 41 20 73 -63 -98 31 77 13 37 72 -39 -10 60 -76 46 22 -9 16 23 -81 -80
-95 -60 -98 -27 78 100 69 43 -13 84 31 -67 -21 -62 65 9 68 -41 59 5 91 -43 -23 5 49 -44 -53 47 27 8 7 -93 -43 19 68 -59 43 24 50 -75 -30 78 10 0 81 -28 -82 73 14 -5 -78 6 -48 38 -48 -53 -53 -97 72 86 7 18 22 -44 40 8 -50 88 -58 81 19 -26 90 1 19 7 -60 16 42 -69 77 -34 25 76 -8 15 -29 73 -76 84 71 59 -22 -4 91 96 80 -86 87 -46
51 -2 -63 -51 69 75 87 -7 56 -66 -86 -21 64 -16 -50 -92 -99 -17 -14 15 99 -40 -32 51 26 -65 -3 9 94 -20 -91 65 -48 -55 56 -41 -86 2 -94 51 26 81 97 -24 -35 100 -40 -17 48 79 -11 18 -7 -50 -98 40 -47 93 -53 -78 -91 -53 -92 13 -78 -49 -86 -92 94 34 -3 42 59 12 -20 -73 -40 42 93 6 66 -57 -91 87 84 -48 -65 -53 74 49 -11 -64 -62 -19 90 64 -17 -11 27 2
-44 -55 3 -85 -26 77 -41 63 -47 -66 -67 -50 -23 -7 70 36 -49 -69 58 -58 83 40 -51 38 62 61 -84 71 14 -73 31 16 -83 19 2 -15 -22 63 -13 -25 74 37 99 96 6 -7 -16 -13 -40 46 3 14 -98 26 -40 -47 70 -3 42 -97 14 59 56 -74 -18 -81 -99 59 1 -60 -28 -9 -75 -47 3 7 -78 36 -71 -100 -15 70 -27 -43 79 -31 -57 69 -56 -17 99 -72 -66 -20 94 12 -12 -26 49 76
95 -38 -41 30 -26 20 90 -70 -35 -45 98 2 -42 67 68 -1 74 -95 -99 65 31 7 42 86 7 -19 92 -4 -32 -86 90 -50 18 -53 -79 -51 -9 13 46 39 -71 49 -35 57 63 74 -28 -86 39 -39 -43 -42 23 -72 -100 100 -39 90 64 98 21 -26 91 -61 56 -15 81 -77 -11 -58 -45 -63 -99 -98 -40 62 96 63 28 -11 40 59 16 100 -67 73 85 2 -98 8 -80 -55 72 6 18 41 -87 4 -66 -37
59 12 72 4 -49 44 70 -20 -29 -16 -89 -63 4 65 -27 -77 97 -95 44 -44 0 -24 -68 -90 40 89 -85 75 50 80 72 6 52 5 -48 -87 98 65 78 -13 79 82 96 31 94 11 13 -27 18 -87 -21 30 -16 -27 25 96 56 -49 -67 -16 20 47 51 -29 -8 -73 75 79 8 -38 -98 -74 -79 42 -74 -3 84 -1 49 -29 99 90 -78 -86 73 55 1 -64 100 55 28 -76 -91 51 16 59 98 80 -55 -30
-53 -97 -34 -79 -21 -25 27 61 -76 -90 84 22 -76 82 34 78 -51 -36 -54 30 52 -46 -54 75 35 17 70 1 25 39 -41 85 -97 -7 27 31 13 41 6 67 21 -41 -54 44 0 -23 -48 -79 -55 92 27 66 3 28 59 9 8 32 77 -33 -61 46 -60 36 52 14 -28 40 69 91 -44 -35 -93 13 -8 100 21 65 0 -52 31 -71 -40 -52 -84 -23 -78 13 -45 -52 -28 74 86 16 -18 30 -4 33 64 -16
-77 -64 -79 87 81 -44 -6 -61 -28 -60 -2 49 53 60 -37 -95 81 -12 38 34 62 -64 -63 -62 38 43 38 70 -98 -91 -82 -95 -55 -96 -17 3 -8 -61 96 96 82 -63 32 -47 21 -33 -81 -93 63 19 -29 -98 -39 -55 -3 -20 38 23 -61 -99 -43 -5 -88 -13 -37 -39 -20 -92 -18 60 -17 -36 64 97 97 66 83 -61 -59 -43 -75 79 41 -8 -47 52 -93 -73 -61 2 -95 17 18 7 71 -69 -78 -52 -93 -71
-67 54 24 1 82 17 -100 -41 -32 -81 -36 -79 -3 62 -54 90 78 -5 19 11 25 -48 -11 -62 52 -90 -79 32 -44 75 54 -83 -3 63 47 -86 -63 20 -87 43 78 51 -1 -9 -81 -40 -77 58 76 96 4 -66 -8 -20 86 48 81 -78 -24 47 100 95 83 -42 -65 -25 60 59 -95 81 -1 85 72 -94 -85 61 53 -50 -44 45 34 15 -92 61 84 -8 -43 -43 0 -93 -69 -69 72 24 -69 93 -52 18 43 60
10 29 86 46 -7 -73 47 23 -98 46 7 88 -65 1 -81 25 46 84 -85 -72 -76 -29 18 99 30 -38 -18 42 -84 50 17 -48 78 12 9 8 -27 26 80 81 -42 -46 -91 50 83 -38 12 -48 25 -10 -69 -36 32 54 -5 -2 -22 -98 59 17 75 -55 -98 65 39 -84 -32 3 100 8 -32 -8 -59 -72 -63 -30 27 -90 97 -96 -30 -44 62 -72 -25 -33 18 -93 56 -57 32 14 86 42 6 -62 -63 -83 81 -86
6 -24 88 98 -77 -71 80 39 -59 1 -3 94 -6 18 -57 -87 -28 -3 -57 16 -59 -21 86 22 5 -17 31 24 -4 82 18 -91 -41 -25 -100 38 -10 40 -97 -38 -46 -94 99 -7 11 94 88 -99 -97 86 11 71 -2 86 -45 -19 -7 -40 -85 42 -67 71 24 71 47 -45 45 -74 -26 43 100 -14 -40 -42 -79 -78 -25 -23 11 -75 54 -100 -38 -4 -31 -28 7 12 42 6 22 28 32 -63 -77 -100 -27 -36 6 -9
30 -24 17 24 36 -65 68 -26 -90 95 -60 -9 -4 50 -31 75 10 95 38 -84 10 -14 21 2 -73 -89 -14 -50 75 -86 -98 -1 16 44 -87 8 -53 7 86 -90 44 -80 -73 -5 98 -57 34 -78 56 41 -56 33 -68 -52 -64 -92 10 15 25 51 -84 -76 82 -59 -38 -48 38 19 23 -35 -82 62 29 63 23 -71 13 90 44 56 -19 29 -83 -73 96 17 37 -95 -21 -16 75 85 30 85 -87 9 96 38 68 -22
-74 71 -85 97 -39 -21 35 99 40 -9 9 41 51 -63 -76 43 -24 30 -86 25 -68 67 53 -10 62 41 14 48 22 63 -25 -50 -88 37 -98 -15 -9 68 -51 -28 28 92 -31 24 52 -97 92 3 38 15 99 18 55 -24 -1 88 -33 -14 -57 -39 68 -73 -36 -51 92 -26 100 -70 -18 -49 93 86 -52 -66 -33 -29 -65 -85 -92 -88 21 -62 5 65 37 -51 89 20 -6 -8 -69 -35 94 -29 44 -36 78 43 -38 10
89 9 -45 -39 -4 64 -59 -85 88 69 -27 63 -36 -80 -74 17 55 4 67 -59 -64 11 -13 -40 32 56 26 -43 -81 43 -91 -63 -37 13 -78 -35 67 0 -92 63 -87 67 -86 -82 67 -80 26 20 -15 -90 -91 27 12 -47 -18 -76 -61 87 63 -51 -23 33 -86 -57 -34 75 -70 58 -64 -85 -47 -87 -91 -96 -97 31 -3 -64 51 -46 85 -31 -80 -90 78 79 -43 -55 -67 -90 -46 21 10 52 56 86 -96 -26 -35 -7
71 54 -50 70 52 65 47 13 99 78 63 -9 -75 -81 -47 25 -94 -61 -1 47 94 49 77 36 -88 -34 -76 37 -41 13 -22 -44 87 -53 0 78 -29 -88 33 92 13 -62 90 -52 -31 25 50 -4 -19 -74 -7 12 -98 12 27 -100 -1 44 -98 16 40 65 -86 -48 72 -72 77 -44 -47 63 -78 17 84 87 -97 -99 7 -25 -80 57 3 82 -44 46 -17 -19 -45 -90 14 -76 -74 58 -65 83 -63 43 1 -3 62 -5
55 -14 20 -11 -90 -15 -39 -38 -20 -84 -22 -71 -79 61 -53 45 -90 -5 77 18 62 86 -46 -61 94 55 21 -4 -54 -18 78 -81 17 79 -68 70 44 -77 -31 -55 -90 -28 39 21 42 -55 64 -51 -22 -77 19 65 68 -81 88 -81 37 90 -85 69 -89 74 99 -11 100 -38 72 0 -41 62 65 -66 36 -58 -66 -46 79 37 -42 85 -83 -43 -68 -83 -48 57 32 29 -92 -93 -73 -47 12 27 -1 34 -8 38 9 -49
-23 -53 48 -29 91 54 -74 11 88 0 -47 59 -58 75 -79 9 29 46 -35 48 -97 -49 20 -16 -63 87 22 -78 -84 -22 -68 67 -43 -51 -87 95 84 95 -76 -46 -19 -57 -89 68 -23 17 -13 23 -74 -41 -85 3 64 93 -45 -2 15 -33 17 89 92 -20 26 1 35 -15 -26 -74 -42 5 -28 -62 -95 15 -49 94 51 68 68 6 -65 -38 67 -51 -50 -51 91 54 68 -33 26 -17 -88 -60 42 -39 24 -98 -68 -66
-55 96 74 6 -78 9 -84 -64 -20 -77 -61 95 86 -91 -61 -97 45 -99 74 -93 31 93 45 -28 98 -30 20 75 -61 78 70 30 -31 41 -61 -9 75 63 63 -83 65 -41 34 -93 -43 88 50 70 52 36 35 -9 -85 72 54 31 -86 -39 68 22 72 -20 11 -94 -100 1 81 41 -20 3 53 -94 75 94 48 9 -65 74 96 12 89 33 -31 78 42 37 96 -13 -11 -8 48 53 18 -69 86 -32 -91 -57 27 -73
-37 82 -17 62 58 37 -6 46 -67 -26 -59 -64 55 -19 -12 -50 -21 -58 85 -71 -43 -76 -94 91 -71 66 81 38 9 -5 -82 -51 62 40 93 74 92 75 -19 -66 23 43 36 40 13 44 -25 -32 -71 -32 12 85 -62 -72 35 76 -69 60 -24 -66 22 15 -91 -4 95 72 41 19 34 -3 -1 95 11 83 -9 -18 23 52 53 -64 59 60 -40 35 -18 54 7 71 35 71 -84 -92 44 44 -22 98 3 92 88 -38
-74 -100 89 26 92 42 -39 -16 83 -80 1 85 99 -38 26 38 -20 -47 -20 -68 46 6 94 8 35 -7 2 79 -20 39 24 88 -63 -62 2 45 -4 -89 -23 14 3 -53 82 -9 -62 79 -45 59 13 63 -96 -67 -70 -67 91 72 34 11 51 -32 0 9 40 -79 73 -17 43 46 -21 79 -53 48 -11 -39 -1 -69 93 17 57 79 9 -38 -72 54 -17 49 25 -94 1 35 -95 52 90 -99 -89 -30 -59 6 -77 59
-51 32 -82 27 -55 -29 -64 -49 97 -54 -17 40 -5 -98 -56 81 11 -25 -60 -86 -56 -64 52 -56 -29 -75 24 22 -66 71 -39 -73 82 93 25 -56 -63 70 -76 -42 -13 29 4 59 71 3 12 -79 71 53 -51 40 -75 -61 85 -37 51 -5 -59 -96 82 11 91 -49 27 60 -95 25 92 22 -36 -49 -39 7 36 -68 86 -50 -95 -84 -67 -37 13 68 63 -40 -70 -59 -19 72 -31 -2 45 9 -83 55 -32 34 -63 8
-81 -50 -83 -42 -26 46 -75 -96 -29 99 -97 -46 -20 -6 -95 -54 -17 55 68 71 -5 26 98 11 84 -33 22 -37 37 -40 49 42 37 46 15 -59 -41 81 -17 92 6 -7 100 -65 81 -99 -69 -81 94 25 3 55 -34 29 -29 87 -60 58 -74 84 84 -40 -94 71 -24 35 -59 -53 92 -21 84 29 10 67 -98 -30 -99 76 -92 90 -29 96 82 -85 -22 -53 39 37 -76 -12 -93 -4 -96 -5 66 -83 75 30 -38 -27
-48 24 -34 26 96 -4 -87 26 8 24 -21 -68 -68 78 -84 -49 51 -96 -87 -21 2 71 -94 -32 -57 -6 -19 -4 92 -45 -15 37 -31 72 -90 70 -78 -15 25 -39 -36 90 -22 56 88 -82 87 -91 56 -93 -61 -43 58 93 -28 -78 84 23 73 -84 15 -53 -96 93 49 33 49 -68 -27 1 10 34 70 31 -73 32 53 -75 -93 9 -51 11 79 4 5 97 69 -53 -63 81 71 -27 -16 -67 -4 61 63 -95 -83 81
-5 -27 20 4 -76 69 40 28 89 -47 -84 79 -57 25 -66 40 -33 69 59 63 98 -16 -53 11 75 79 67 -93 -13 35 8 71 5 -92 30 -15 41 -79 -14 -48 -4 16 11 44 23 -95 100 -70 -83 92 -6 -53 -62 17 -52 -59 88 -14 -84 -23 97 25 -85 44 -85 -23 24 -87 -15 -84 -2 -6 73 54 38 11 -22 82 27 -16 36 56 -65 92 23 -7 86 8 38 -64 22 -6 -56 75 23 72 95 -46 98 -28
55 5 -49 -52 97 84 38 92 88 54 -94 -43 -17 -72 11 -37 -11 -1 -51 -48 78 -10 -91 -100 -76 -92 21 34 49 97 36 -83 10 37 -50 -5 50 73 -65 13 -12 -25 19 -47 -6 59 -52 1 21 2 -74 18 33 -86 -43 4 59 89 -56 68 -7 94 52 11 37 10 10 -98 -81 10 -77 22 11 -34 58 11 22 4 -65 -10 -46 -6 85 -96 66 84 -98 16 85 -38 59 -58 40 -24 -83 -17 53 -88 68 -78
-69 -15 -81 38 -81 -73 21 31 -19 93 100 -89 72 -99 -25 92 -16 -56 -88 -7 -69 14 40 93 -2 82 -72 38 -83 29 -39 20 -25 -65 66 74 85 62 71 77 -1 -82 15 18 84 22 67 -47 84 77 -28 26 22 -24 -38 69 -15 -36 66 6 -26 94 -3 62 90 -16 -52 -21 19 63 10 89 97 -22 17 19 22 -4 -90 -63 67 -50 -35 62 -20 -17 36 58 70 -2 -61 -88 -2 -56 0 -56 61 -31 -8 54
-97 31 -34 -77 -6 90 33 100 22 34 79 65 94 16 -24 68 90 67 -29 52 61 11 54 92 -3 -99 63 -84 39 0 17 -72 -58 -60 59 -95 -28 47 23 55 -52 -93 1 76 86 -20 19 -30 -61 15 -81 34 65 -96 63 100 -41 17 -10 -31 -49 93 -77 -58 6 42 10 -27 92 3 -17 52 80 -48 -64 -79 80 54 79 35 98 -20 36 92 -16 44 18 -59 -38 -34 -86 -21 -79 -91 -36 78 -83 52 -85 -1
-88 -97 -2 92 91 47 -20 -67 100 38 -11 -85 50 -69 19 -65 -98 -73 -70 11 -82 -5 -91 -95 57 -80 -14 -16 98 56 77 -55 -76 61 71 14 -39 -37 -18 2 -74 0 80 -73 23 -86 95 89 66 -100 -30 -3 -21 -30 -75 -87 66 60 -96 55 -90 8 -88 92 61 29 -70 -81 -22 50 -22 -7 -94 -86 -45 -71 78 73 67 86 28 35 -11 -11 -99 -27 -44 68 6 99 -86 66 -5 60 75 -29 57 -47 -80 64
17 -24 51 10 -61 -1 88 43 -100 -76 -54 16 93 54 -89 -86 92 -49 -58 35 -72 -87 -57 27 -63 -90 8 20 62 -100 -23 -30 -76 -23 -45 19 95 -93 46 47 56 -21 -50 -77 -30 -95 -71 27 7 18 8 -87 89 85 -96 72 10 62 -44 54 -90 -96 88 61 51 -28 32 32 -31 44 36 62 -51 -28 54 21 65 -42 -69 -5 -70 -95 80 95 -90 -64 9 41 -76 86 60 46 0 89 -40 8 -18 81 34 58
-25 44 -40 1 0 10 -99 58 81 -76 -85 -26 4 40 85 -80 66 -73 42 18 -96 18 26 -100 -54 -62 76 -64 40 67 90 26 -90 19 -6 -68 85 -7 72 62 -1 62 -59 -1 -25 -86 35 9 -54 -71 1 25 18 84 -57 52 -57 -64 6 -87 -55 28 -17 47 1 32 -86 -49 35 -46 -61 61 -22 12 40 2 -96 -29 67 7 89 -55 86 67 -86 80 83 6 -27 92 -38 -83 -59 37 -18 -29 -76 12 26 -83
-81 -81 -46 39 98 85 -38 -55 -58 -46 -57 11 91 -90 -22 -21 -82 -50 -83 72 29 71 -66 -100 90 -99 -69 -77 10 59 -98 95 -100 46 96 -8 97 -49 83 -13 -91 -6 69 -87 40 82 82 94 -59 -40 -76 -98 63 -78 -72 44 51 -60 -87 -15 7 -88 16 5 -56 -31 -58 92 -78 -22 -63 22 50 84 -29 8 -64 71 -10 -13 -94 -99 23 -55 -8 -47 -72 73 49 56 75 -98 -100 -90 -75 -6 -17 60 -17 85
42 -14 -61 -96 9 -99 -50 -95 -72 -81 2 91 41 -91 -78 50 77 34 89 53 90 -49 23 67 79 -73 -11 11 -65 -27 -85 -56 56 -66 78 28 -53 -26 87 35 25 -55 27 -75 -77 -26 88 -30 17 -18 -88 3 27 83 52 11 -45 18 29 -95 40 62 -23 86 45 -8 34 -7 -9 -28 33 43 -39 -91 -94 -84 50 -84 32 7 76 -96 97 -93 60 47 38 61 50 44 -54 -25 -32 -4 99 27 84 -38 -42 -66
-53 99 -30 -1 -44 -81 87 -51 97 -28 -88 -51 -51 -26 26 -73 -72 -21 6 46 95 52 -19 -30 87 25 41 64 6 -48 -83 -90 -10 -69 58 -43 51 22 -15 3 90 74 11 41 -90 46 -30 58 -14 -54 -6 52 71 -54 60 -33 -61 88 -36 -6 -96 -26 55 1 -55 -72 69 57 -64 9 9 -55 16 60 48 9 15 -27 80 9 -55 -32 -27 26 -14 -31 -99 -19 -66 57 -56 -49 30 -79 62 -32 5 67 -46 55
41 46 4 77 99 -32 25 -34 -55 -51 24 -66 30 61 -49 64 -59 98 64 33 65 -42 -69 16 -3 -72 59 39 -8 82 21 -40 44 94 -20 87 -66 -61 2 92 20 -52 -12 -62 -39 -74 -83 51 -52 -84 -81 -6 62 -93 18 -64 -100 -60 -72 42 -22 -55 99 -95 88 63 42 -15 -25 0 18 -71 8 -67 74 -42 -42 -81 -11 17 -69 57 9 48 20 -49 -31 23 95 -25 -44 94 59 30 5 -7 -4 -83 -30 86
74 -11 52 51 31 -12 18 -14 2 92 34 -18 -95 64 -65 -4 55 -54 -37 7 95 69 43 -72 88 60 57 96 32 80 21 1 79 97 -48 51 86 78 74 -30 55 -18 98 -79 78 1 -9 72 18 -27 45 62 -64 -82 -68 4 -32 -47 -61 -4 27 23 33 4 86 26 -93 -58 54 -91 -4 -93 100 36 -22 11 -19 -43 -78 2 -90 -7 100 10 4 -97 33 25 49 49 -20 -64 -91 70 -70 35 89 10 0 -23
-6 84 -87 28 -7 5 13 -94 40 -67 24 -49 87 3 -81 -28 -49 6 1 58 -52 19 -5 11 14 83 -23 6 24 9 93 95 81 -66 38 -20 -9 -65 8 55 22 -9 12 -100 10 -4 28 98 4 -57 92 -58 -59 -3 -29 -80 30 -94 -73 -35 -27 -83 -63 -41 -41 22 34 -40 -46 54 -99 -92 77 63 -18 57 -16 17 -73 -44 -23 -87 59 -23 -5 -100 59 -21 28 50 26 68 47 82 -94 -86 -12 -49 -43 18
34 54 90 -81 -53 82 -21 78 -99 -53 61 -15 62 -49 -64 14 40 -16 83 9 -39 -93 22 -61 85 -10 -82 -93 46 -46 -88 85 -96 19 48 9 91 78 35 38 89 88 -69 81 17 -7 22 -37 -81 -21 76 -56 2 -71 -98 -61 -11 8 -24 -66 -54 35 35 -60 13 51 53 39 -57 50 37 47 -28 -53 -46 93 -10 -81 -99 -58 39 -30 -82 66 -66 -96 -47 -41 21 1 64 53 -26 -10 34 -56 91 -93 -96 59
40 8 -55 59 97 79 -75 -59 72 74 54 53 92 -91 24 14 -3 -34 -1 -67 -31 -53 33 22 88 1 -56 98 -83 17 75 -94 -6 -10 16 -24 -43 -40 66 15 23 -44 -22 82 2 -8 54 -69 -10 -56 -50 -94 87 97 79 37 70 -36 45 77 -66 -10 -77 37 99 30 -82 -42 11 98 -97 -3 50 -46 84 -76 44 75 62 91 -55 -53 -29 83 -89 88 87 75 44 -50 -44 39 -75 59 1 -79 59 36 38 35
-9 55 -89 -72 -73 -61 69 -37 -66 48 73 -98 35 -11 -90 -97 30 -10 -44 92 85 -78 47 -2 80 21 31 99 -100 -27 35 -62 88 -10 -82 75 -33 66 -47 -2 -5 -38 20 -29 81 14 35 -45 -21 81 56 -84 37 -54 47 -8 89 -63 -81 50 -28 -98 -45 -62 -31 24 77 -83 8 -26 20 -70 -92 -76 85 -93 3 100 -72 -78 50 -16 -46 -9 -46 -55 -91 38 98 -56 -78 -14 76 83 -12 -18 1 -56 61 49
-77 -10 44 -50 34 58 51 8 -41 -30 -94 -50 48 74 73 64 -61 11 -3 10 84 -77 -73 -46 -44 10 15 77 -87 85 95 -31 21 84 70 18 54 -9 -71 42 -86 21 53 -35 -55 -40 60 95 47 30 97 87 -35 84 -19 18 32 -34 88 38 -10 16 37 -58 -66 84 -69 -83 96 17 21 21 19 -69 56 82 2 -66 -1 52 83 55 -92 -17 34 -65 37 13 52 16 65 64 -3 -80 -50 -65 -44 52 54 92
-35 80 53 97 -24 6 -57 -11 -34 29 17 -97 7 -3 -42 -35 -66 -64 -100 -56 -13 43 20 -19 -2 -6 30 48 67 -54 -77 82 45 78 29 77 -28 74 98 74 78 -34 -51 -19 -12 74 -3 -90 -94 -66 2 18 -44 -97 39 -48 11 -40 -13 -88 31 71 7 -41 -91 -52 -52 -11 -85 -15 -29 24 38 -58 58 -30 45 68 13 -42 22 9 -67 18 -10 66 -24 -41 83 -61 -88 44 -5 93 74 -18 -87 51 11 48
98 3 12 90 -20 41 97 -20 -62 5 5 -74 -19 -74 -36 -32 -80 37 -25 -4 8 -55 -81 -62 -29 12 74 -38 6 86 41 -79 -87 48 87 55 -38 -62 20 31 54 5 -7 -11 -66 53 16 -34 67 -39 76 11 26 35 -19 0 -52 28 89 -97 -62 -21 58 80 78 -85 -43 -65 18 58 21 39 -55 -23 59 88 -19 -80 23 -57 49 -67 -46 33 97 53 -26 23 -3 -93 23 82 -14 24 33 65 39 87 -58 34