100 67 -26 -76 -60 -7 -54 26 95 3 -23 18 89 96 -8 3 78 -58 63 60 -95 -41 -88 93 6 60 -48 -46 39 25 -44 -85 7 -67 1 -85 68 -78 -19 -5 20 -5 -54 -98 -88 -77 45 91 -59 -15 -75 84 33 81 73 -65 -77 22 28 -31 26 14 -10 -57 32 -52 73 60 -58 -79 -71 81 -20 19 75 -11 -49 -95 21 -95 -66 -23 9 84 22 2 -83 43 -42 -9 41 -38 8 62 -19 -78 71 76 -63 -21
-86 -84 -69 -75 -39 -5 -18 -40 -27 -36 -88 -53 -69 73 67 -100 -68 80 60 41 -6 32 -42 -87 -22 86 -78 88 51 44 -51 28 -75 73 80 89 -10 -22 -4 42 -30 -32 -14 -28 -46 25 -60 -42 -17 86 -80 -39 24 83 -87 -68 48 -71 78 -68 3 13 50 39 23 99 0 -78 -5 13 -82 92 -77 -81 -36 26 -65 -39 37 -47 90 -62 -37 -68 -78 66 68 -79 -90 89 -93 -57 7 88 31 16 42 8 87 -76
-10 -87 -30 59 -64 55 -1 3 -18 46 60 68 -61 88 82 7 3 -82 85 10 12 -44 -69 51 -5 -54 88 -31 -88 40 -17 -70 -98 -61 -49 -50 92 -83 -52 51 -29 64 52 -24 -48 -2 -75 -15 -52 -37 78 -73 -33 82 18 -48 4 73 -39 -72 24 54 -70 13 16 -89 -49 -1 -63 -39 -97 67 -62 -59 94 -20 94 60 -84 43 13 83 -53 13 -3 27 12 71 54 34 -41 -19 -57 48 -77 -14 68 -65 -72 11
-3 -43 67 -39 74 -85 98 -11 9 0 75 -15 -20 -64 44 98 -80 -15 55 -65 -89 -80 -84 -89 55 -71 28 -33 36 -30 78 81 -43 42 -1 -90 93 -39 -10 67 -76 88 5 -53 19 -81 -71 -97 -75 48 82 85 -76 -35 28 23 7 -5 -69 -2 -27 89 -60 -45 96 -36 -70 -77 96 16 -46 21 82 -64 -84 -24 68 -41 -19 -32 83 -84 65 -70 -42 2 7 70 68 -56 80 -75 -96 79 -32 -14 -72 54 -83 0
-48 -26 -40 40 -31 -13 -38 -42 69 -88 88 -17 -56 53 92 -68 -56 -95 -52 -51 -34 57 -54 91 -29 47 73 -96 40 34 -34 0 -60 74 70 -84 -24 97 11 -69 -65 -12 -99 -13 -17 82 96 67 37 19 -56 90 20 55 -63 5 76 100 71 84 99 38 -28 -52 94 -77 3 -69 88 -27 76 -8 4 -18 16 -20 82 61 43 32 -42 46 48 81 -49 88 6 71 -18 43 22 81 -74 -19 -81 75 1 98 -26 53
-48 -63 -38 -10 -37 -34 -8 -28 -13 -75 -24 -14 51 -36 22 70 -21 90 12 -63 -30 -56 89 -74 -25 95 -19 89 50 33 86 90 17 -47 94 -79 -62 -42 21 -36 17 27 -1 31 49 84 -99 -16 -83 -3 -1 -16 45 -55 46 -16 7 -66 -94 -41 -16 16 -50 -90 92 12 -64 32 11 40 -98 95 -26 18 -78 -60 -4 -58 -95 -63 -94 -50 53 67 51 6 -30 50 36 71 92 -64 -22 -33 -8 62 -60 -2 -32 17
54 -83 -57 -87 -73 -6 26 -41 9 -45 -64 46 34 -45 -46 -65 -25 41 96 -14 -81 -25 47 -54 35 5 -58 79 49 59 -19 74 100 -98 -95 67 -53 59 55 86 70 26 60 68 48 -54 -21 -20 91 -76 22 54 65 5 -89 -17 -52 -43 72 -87 -11 -62 79 66 -98 60 -69 -3 -39 32 -37 -23 -23 75 69 -27 -39 61 77 24 50 -1 1 54 -84 67 -34 -48 -38 -79 42 38 3 69 27 -68 -44 -64 -72 -83
-23 94 73 97 56 -66 -94 -12 68 3 -89 -64 -66 77 -1 26 -15 80 51 70 75 84 10 65 68 20 -30 89 98 -39 -93 -57 29 -57 98 -54 33 -56 -44 31 -66 -44 -98 44 -46 75 -86 -81 -43 95 28 81 97 13 34 -64 -42 -9 46 -53 -4 85 42 75 -77 -9 19 -61 56 -10 -8 2 90 31 70 -65 -79 20 69 -85 -99 18 -19 -50 14 -82 -55 25 -53 43 79 -19 -43 -89 -100 39 -67 -66 96 -7
-39 -5 -2 -21 -16 -84 -40 -76 -69 -33 -68 -56 -23 -39 -63 -83 -77 -74 -95 -85 -21 -44 -33 -54 -19 -33 -27 -88 -62 -17 41 -46 -21 10 -3 -81 -90 81 -96 13 -38 47 -16 62 18 26 56 -76 -58 30 10 -46 -35 -21 -19 52 -97 30 62 -93 39 64 -78 -13 15 -89 91 65 49 71 -6 -94 -86 -99 -20 75 62 97 78 56 -79 11 1 -78 -54 -48 -83 96 -66 5 29 41 96 -50 -59 17 48 33 -16 -91
-94 21 31 -69 63 -48 25 -74 59 26 70 83 -70 -37 56 57 -58 72 71 -99 35 78 -79 52 47 -31 -24 31 60 71 -54 19 -26 0 29 -10 94 48 -28 8 -22 -90 34 42 88 -80 -19 1 -93 45 27 52 -17 -74 -69 36 82 13 -27 56 18 38 39 67 -8 -22 -81 -63 -21 86 -8 79 -4 81 80 72 -22 54 -84 -19 47 -81 39 37 -61 81 -26 11 -49 -93 -95 13 26 72 17 9 -11 -81 83 68
-65 -80 82 -100 -24 1 -59 97 99 77 18 -71 12 24 -62 -18 -2 27 15 -56 -41 23 5 -15 -62 93 65 63 -58 -24 46 -93 -29 -72 -12 50 75 93 4 99 -60 26 -45 -13 -30 64 47 99 -100 45 79 -82 -53 -79 47 -15 -100 -67 -78 -14 58 15 -92 88 16 -95 56 48 36 92 72 59 87 72 -8 97 73 -13 -45 -8 -77 53 -29 52 -11 -91 3 90 93 77 40 27 58 33 72 -54 28 7 -81 -3
58 42 9 -1 -83 67 2 49 65 68 22 10 -76 -42 -77 25 26 22 64 99 -18 -26 -15 -3 28 59 -78 98 -100 -9 -21 -60 -58 51 -17 -46 44 -10 -62 -38 32 -94 -3 42 69 6 12 -69 46 73 -34 -83 37 81 -18 -59 -4 36 -52 23 -2 98 -5 -62 -48 -100 -57 78 -99 -99 85 -31 11 100 38 12 17 90 72 -19 80 -61 32 88 49 90 66 3 96 91 82 -64 37 -37 -26 -38 35 48 56 45
87 40 1 -54 -24 -44 -49 -21 -25 100 85 0 86 -62 22 53 -64 39 45 -33 -64 91 -9 -12 96 65 -37 -88 87 5 49 98 -20 87 30 -40 -63 -8 30 -100 77 35 -34 78 10 93 36 23 31 27 -62 7 2 -63 95 73 -100 -58 72 5 0 -26 86 32 98 39 75 -44 -61 -9 -15 39 27 27 -9 92 -14 64 21 -7 -41 -31 92 -95 -93 -21 -31 43 83 71 -97 -12 -52 -71 16 -9 55 33 76 96
36 75 40 -52 -77 54 -33 -65 8 90 84 94 -84 26 45 53 -90 56 -99 -59 -59 -49 -90 94 0 -34 86 -84 -96 71 -71 40 -24 -96 -36 -7 56 -94 -3 68 -66 74 26 87 92 -16 6 -46 68 65 -11 -94 6 1 19 77 -49 -18 -13 -79 -69 -14 46 -30 100 -1 88 39 12 6 100 -95 -29 -4 -46 -42 -87 56 -1 99 31 -7 -88 10 -65 87 58 47 71 -28 45 -82 69 78 -91 -86 -66 -64 -97 -81
21 -2 -44 -10 -12 -34 50 3 74 -52 -55 -85 100 1 8 91 -100 76 -3 -3 -85 56 67 -83 90 42 1 57 47 -60 -84 97 -43 -90 -22 66 -28 12 18 -68 15 25 -31 100 32 -11 29 20 74 -99 -2 -72 92 -54 47 97 20 14 -78 -46 94 60 -16 70 46 52 -37 -77 33 63 88 74 41 -68 84 -11 -9 27 69 88 -98 -48 -66 -65 -96 -74 -79 97 44 8 7 -5 -34 13 79 -3 78 75 50 -76
-91 42 35 9 -21 35 -18 -31 -27 80 -69 -49 31 39 32 -24 100 9 99 -4 -91 -68 21 22 61 -59 -44 -54 54 28 52 -6 68 57 18 85 -70 34 -66 -34 32 23 17 51 -99 -20 -93 68 -13 53 -65 30 -45 -46 -8 3 -83 -23 -32 -88 36 -43 62 35 85 -17 34 44 -57 44 -82 69 -44 -20 56 60 76 51 -24 69 73 98 30 84 54 1 -47 -26 -44 54 26 6 9 55 -92 84 75 -31 -31 -16
12 -98 6 -81 -82 -92 -58 -50 -30 -36 65 -73 -65 -25 -41 23 11 -68 68 99 -72 -14 75 -33 -18 -54 61 -96 81 18 -67 -62 -90 64 92 -65 -2 22 -64 -77 42 -82 45 99 48 -6 98 100 63 39 20 28 -89 -32 93 31 -48 83 77 -5 74 4 10 19 76 100 53 -59 -81 -8 67 48 -36 61 83 21 -66 -26 -40 40 -51 -2 -12 52 -1 -41 65 2 -35 -7 2 -5 31 -23 80 -23 52 -75 -21 -97
66 23 40 -50 -64 -57 35 -44 59 86 23 -34 -70 -17 15 -40 99 51 -100 67 -43 40 22 -79 73 41 -11 -5 -82 95 -24 -22 86 37 22 98 69 -73 61 -82 -39 -63 -24 -57 86 45 4 -18 4 93 89 91 -92 -33 43 -26 100 66 43 96 -42 -76 -56 47 55 3 -24 -92 9 -91 -99 -53 -17 -17 -44 58 -69 60 50 57 -2 -3 26 35 -13 -68 -100 -17 71 79 2 88 -81 83 26 -18 89 -36 12 -20
-57 -25 -7 61 -21 93 -91 97 -15 -48 -26 -29 -76 85 -87 -41 92 87 -98 -45 14 -53 -89 -83 42 83 -2 -57 14 -4 -91 87 81 -27 -38 24 -30 91 -3 -76 -100 94 -89 -83 45 20 96 35 -35 63 66 -61 63 13 73 9 -67 -46 28 33 66 -88 -6 93 -30 -8 -14 61 -23 72 -87 -21 19 -78 -76 -47 -9 88 -98 -74 -76 36 21 -23 79 -52 -48 -67 -96 -7 81 35 -98 72 -31 -79 -52 22 89 52
-75 -27 -15 -40 58 98 -72 -27 -68 10 -24 -19 -24 51 -45 81 -69 89 85 34 38 50 -9 46 -67 65 -51 -2 -99 -86 37 -83 69 -33 24 41 88 -30 58 -100 43 -83 36 -86 44 -26 7 51 -18 78 -89 69 -78 34 87 -47 27 -29 -47 34 -51 -96 39 -79 -16 -96 -59 31 22 45 65 -87 -76 28 65 68 11 68 45 -14 2 -9 -91 -36 -25 79 53 61 80 98 68 -41 67 -98 -54 80 92 53 -54 40
-97 -66 -77 -95 68 84 97 -66 -38 37 -53 74 85 43 -84 5 -2 21 51 66 -89 -92 2 -44 -1 75 79 83 -93 -96 -70 -63 -79 -51 70 -56 30 47 -77 -68 0 -9 65 41 71 100 88 -41 73 -44 73 80 47 -75 -78 -2 43 0 -72 -32 -55 96 -81 -28 -59 -60 4 -55 -92 -85 -46 -58 -64 -60 -60 22 -33 99 39 72 -50 -92 -100 -46 -67 94 -46 -98 0 31 -50 -82 99 36 74 -50 -46 33 9 -96
-58 11 -87 82 39 -87 -29 -46 14 96 91 -7 -50 55 -30 -39 -37 28 23 -11 24 90 7 -85 58 0 25 -72 88 -92 23 74 79 -53 -91 -94 -22 73 -50 57 -57 90 -97 -2 28 -34 22 2 -24 57 19 18 2 36 48 75 -22 -30 48 53 94 -63 45 -15 -31 97 -62 4 -28 -93 -37 -36 -93 95 -65 49 1 -43 8 -41 80 -79 -89 81 -11 4 82 -37 -54 -2 -57 50 -39 89 -35 90 39 60 -75 5
50 99 80 29 -29 8 25 -5 86 89 -18 -72 26 1 -78 83 -56 87 4 -5 -53 30 -69 -47 86 48 -11 100 52 -61 -29 -80 -10 3 20 -57 62 -22 -61 -37 -66 32 35 84 -43 -33 -37 -66 -84 -57 -19 -20 -53 26 -36 86 4 39 -72 -65 -62 51 -79 25 93 -59 -71 -79 24 -48 95 38 -78 50 57 31 -72 -51 -36 8 40 -70 -76 11 -69 -99 5 58 12 34 30 -57 45 22 22 -64 -74 -9 13 -41
-46 -13 67 71 59 -57 66 78 73 55 22 -80 97 47 -39 -31 -32 22 78 -21 53 -41 37 -33 -39 -87 48 -1 71 37 -19 -63 26 39 82 -64 -77 -23 -43 -94 -27 -11 -84 -63 28 -23 -55 79 15 10 -15 24 68 -55 -58 25 -25 -66 48 -50 57 69 -52 -10 -91 -26 75 -86 -65 79 18 87 2 -82 -10 5 19 49 82 -26 99 19 -32 66 25 97 -52 -68 -45 -40 14 -26 84 -92 -56 -82 91 97 -47 15
97 -18 -36 -7 78 36 -35 80 -41 -3 8 -52 35 36 55 -25 75 -95 -71 2 81 -25 -58 33 70 -50 48 -10 56 -50 36 -50 23 40 33 8 -90 -31 68 -73 35 -7 52 -40 8 -21 58 -36 98 86 -19 44 -24 53 78 99 -69 9 30 -52 69 -97 55 -45 -74 44 -82 -83 5 38 -38 7 66 -75 -57 47 -14 16 76 -32 -42 32 71 9 -22 49 -87 48 -98 -23 -98 88 50 -49 99 -75 55 89 -81 77
22 74 -54 -22 54 -21 29 -51 23 90 31 -73 85 -37 -80 31 96 -38 1 59 73 15 -48 44 -11 1 -8 80 -27 -24 -28 6 -52 31 57 57 23 -41 -23 82 -76 -53 -84 -97 -79 -29 36 17 -56 70 18 -22 35 19 -41 -26 11 -48 -2 -8 63 17 31 12 -81 25 7 87 -32 -72 45 77 -96 -56 53 7 21 -58 -54 -9 -24 -79 76 39 -86 -16 -29 -45 -91 31 30 -97 90 95 -20 -47 -90 -47 93 50
1 -23 -62 86 -2 37 -57 -78 30 52 -85 -28 -58 9 55 6 -15 39 51 66 27 -89 -100 66 41 -80 77 -24 6 -46 76 39 -48 -9 45 -90 -67 80 -64 63 88 -11 -39 7 -93 -79 80 -84 -86 6 -24 -38 90 1 10 32 94 47 60 65 46 41 58 95 -75 18 -56 -91 39 -82 42 97 -70 21 -70 -27 -64 -65 -8 58 99 -39 70 62 -68 -25 -18 -73 -72 -44 91 73 41 -34 -44 14 -48 32 41 -33
-25 -80 55 43 -54 -57 -69 90 -58 92 -10 35 87 -71 94 -66 -88 36 -46 -43 -18 52 -7 100 -12 -77 -60 61 56 -63 18 6 -6 -97 31 -72 -57 -39 67 -49 -35 92 81 -69 -28 54 -69 -96 67 -1 89 50 79 83 0 23 -88 58 -58 50 60 -6 -16 -55 62 36 96 -70 33 60 46 68 86 -85 -75 -98 14 80 -36 -69 71 84 26 61 46 -39 -6 10 30 -43 11 -91 85 -36 18 -50 11 90 -41 7
-79 89 26 72 67 -46 -64 46 74 74 58 -99 17 -26 -15 40 5 86 -40 46 -10 90 -24 55 -32 -55 -16 -84 93 -82 -79 -15 -79 49 -62 -95 -16 45 -3 1 -60 -92 62 25 -29 -65 -5 94 -2 -10 -99 -42 97 4 -4 -30 99 70 -96 66 -11 48 -79 -44 65 57 48 -89 -34 -22 95 44 -13 -15 -92 31 -52 48 93 -12 95 17 21 93 -68 84 35 -13 70 85 -98 54 -71 -10 19 -94 71 37 21 -51
-72 -56 -97 94 45 -50 -78 -39 31 73 -88 -96 19 -59 88 91 2 30 -36 -33 90 19 -34 -40 58 -37 18 78 46 -42 16 97 -72 -100 44 81 3 -84 55 -55 -72 -58 10 9 -67 -81 54 38 -97 95 -98 7 -16 23 94 -40 -40 95 22 -26 5 -87 11 30 97 -16 -93 33 -30 -2 89 72 59 -24 66 -92 -70 65 34 -20 69 -49 -22 -2 94 -12 56 3 -29 -12 7 60 64 -13 -72 -46 -77 -63 97 -86
-45 5 -44 -62 -83 -36 73 -85 -64 58 34 36 -4 -4 55 80 60 63 63 22 -28 83 -76 -81 25 -99 17 -36 -30 -32 -63 67 -47 41 44 98 -59 -11 11 35 -49 16 76 -32 7 83 -30 36 -97 20 30 -1 -1 84 -58 -35 79 -53 -69 13 29 82 69 96 94 -32 -40 45 -99 -1 38 99 56 -40 -6 -61 1 -64 50 -45 66 -69 39 -81 -1 87 66 52 -23 -22 53 -50 38 -81 -19 -73 -29 68 -38 -25
-42 57 76 74 -55 -43 -60 -93 -43 18 21 -16 -17 83 -45 21 -25 -76 -70 13 12 -65 -96 -79 31 65 79 95 -64 -5 -46 -27 -32 29 -97 21 -16 -6 -80 -25 9 82 -17 22 -1 -71 70 -71 -26 21 69 -33 -16 40 92 57 -99 48 -74 -70 -21 -72 -77 -51 70 19 15 -75 72 17 -67 -40 4 -96 -44 -68 -84 -34 -45 40 -62 -87 -36 5 15 9 37 55 69 -69 91 84 20 36 80 95 -11 -56 -6 -52
-43 -21 46 -94 0 16 -30 44 84 45 -53 41 -15 -95 44 -68 68 31 58 12 -46 -86 -53 -93 45 66 88 19 -18 89 78 -50 87 78 28 99 21 -3 -47 -62 78 26 -48 -83 43 95 47 78 -51 25 78 92 1 42 51 -20 -59 -31 68 -93 -65 -75 -25 -11 56 -73 -70 -79 -12 79 20 61 6 40 -82 32 -23 -14 47 -93 -4 35 46 -42 14 74 24 -93 37 -45 -12 78 100 -23 -43 -49 94 -34 -94 -7
87 67 69 37 -20 -45 -51 -31 90 -54 5 -71 -80 72 31 -69 23 72 21 74 41 48 95 -89 59 54 14 -69 93 -17 -42 -19 -89 10 43 91 99 95 -87 51 -42 36 13 -55 -28 62 -5 -48 -58 3 -52 13 -38 -57 1 -80 64 -3 80 -55 87 -33 -8 37 86 7 10 -20 63 -96 24 57 -83 -44 -73 -21 71 -39 19 63 76 48 14 14 9 8 72 -12 56 21 51 -53 -69 -26 85 -89 -7 -74 19 66
-3 71 58 54 22 13 -46 0 60 92 29 24 94 -51 -58 -50 -76 -40 69 -79 95 44 -37 20 -28 -55 68 29 -38 69 15 23 25 -68 -80 48 34 90 -23 -28 -23 -64 71 -99 -38 17 -84 -26 37 -79 55 29 -96 -45 -98 40 41 -67 -13 -32 100 -73 -99 95 33 85 -51 -79 -94 -34 -59 51 12 -14 -94 -100 77 -63 42 -1 78 -72 86 62 70 -44 -8 -5 -33 45 -6 -35 28 24 -41 -97 -24 -20 -51 68
39 -65 97 -41 98 45 -30 -70 54 -3 37 53 9 -91 24 74 -46 -86 17 45 40 66 -75 -93 26 23 86 -9 -25 -36 56 71 -7 8 42 37 29 -66 -56 40 99 4 33 88 55 4 46 -32 24 -90 76 -11 12 54 -16 -8 67 16 -24 70 -41 -62 -100 46 98 -66 26 -84 -40 -46 52 -11 -48 -21 85 -5 -36 -59 30 -60 89 -36 35 43 52 20 -67 71 -32 97 42 -21 39 -43 -40 65 19 -95 92 73
-69 -31 -80 65 -22 -80 15 -2 81 21 79 -25 38 31 -73 64 33 14 -57 -60 34 -93 13 24 37 49 43 -79 -39 -73 85 19 -55 18 73 -60 90 11 14 16 45 -60 22 -79 -57 -43 94 -85 -63 58 84 -33 -45 27 46 79 19 -29 -82 57 -84 80 28 -17 -68 -34 37 91 -46 29 -1 60 -68 31 -9 69 -67 3 97 -76 5 32 13 39 72 30 -58 33 -21 -46 -34 -10 -6 -75 10 -34 15 -70 59 55
88 -98 24 40 78 -21 -63 -59 94 76 95 16 34 -45 -76 62 -13 97 -30 -94 -53 -94 -16 31 82 24 72 35 92 -82 -83 67 23 43 33 -85 38 -96 94 -5 -39 90 71 -16 61 22 70 -33 100 91 92 -83 -44 -67 39 -51 80 -74 28 -21 67 -75 96 -2 30 22 34 -34 -34 -46 17 -63 20 54 27 32 -43 -100 60 -62 36 62 59 19 -80 62 -63 -55 35 32 -65 -10 -5 -13 9 37 -22 -96 92 84
-77 41 24 88 86 -24 -1 -41 -58 -69 -65 21 -56 -84 40 12 57 56 76 -69 -91 34 94 -78 -1 95 45 -38 -79 16 -70 -62 23 96 99 -99 -97 -27 66 -82 25 11 54 90 67 53 -13 -71 3 -42 100 41 100 -83 -18 41 76 13 16 19 -62 91 -36 48 -99 36 -24 -49 63 60 14 -14 35 -62 -96 -14 -1 26 -19 49 75 40 -6 49 18 -33 -36 -99 -98 59 -93 -46 35 -18 -93 -3 -88 -95 25 78
94 33 -27 -82 78 -95 -31 -12 88 -37 -73 -62 56 50 -91 75 -64 -21 1 69 -3 -63 36 -75 -69 20 -66 24 12 67 -17 89 39 -65 -36 -3 -93 14 -63 20 2 -25 59 -85 8 -90 -67 -65 -38 60 -92 86 73 4 -58 -71 62 90 8 -29 -100 77 41 37 -64 74 77 -86 -10 94 19 69 97 -10 43 99 58 54 -17 29 11 66 28 -16 -23 41 75 -84 98 65 99 45 -80 87 -43 34 -27 67 63 38
-35 9 -92 82 -91 -26 36 -81 -33 -55 -71 -15 -10 -85 -9 68 -23 -41 -35 -46 0 4 84 5 -71 8 72 -56 2 -42 -24 -70 -63 -84 6 8 -74 55 67 57 -8 89 -46 45 -100 -37 -64 -52 -57 -57 -92 44 69 -60 -38 -21 -72 49 95 -37 2 90 68 -66 90 -96 83 -1 -65 -14 -30 -61 74 -74 -44 -80 -42 -40 -9 90 -53 -26 11 -43 -18 80 -57 39 -71 38 95 20 -26 19 -90 93 24 15 97 -60
41 -2 84 -73 -61 46 -10 49 -17 57 -56 43 -49 13 -81 100 -45 31 -3 46 -81 46 -90 14 -88 8 -38 -13 74 -42 90 -84 87 94 45 -84 45 -41 82 -8 49 -97 11 -96 -47 -30 -38 93 50 22 -26 24 37 -2 -5 -76 14 39 22 -48 26 29 15 96 76 -69 -73 8 -35 30 -17 -54 -80 -21 29 -23 -54 51 13 -34 -51 31 8 89 73 57 -42 -19 -26 -49 -96 -75 61 59 -17 91 48 -54 -97 -40
-38 -78 0 -7 -4 -28 54 -13 29 12 -69 98 85 -66 77 -72 -11 66 70 82 34 -84 -87 -18 -62 63 32 -17 -8 42 73 62 -52 -92 70 14 2 29 76 11 -71 42 -3 54 77 -11 79 -88 -49 89 44 -27 -57 83 54 -81 -43 -91 -73 81 23 13 0 44 45 56 -32 -52 3 70 -49 64 -81 75 -30 -53 77 -38 32 41 89 -73 70 -18 -44 82 -38 -49 -83 60 54 76 97 -21 -61 12 -79 -98 85 -51
-87 84 87 -87 -44 -33 -42 79 -30 39 96 -34 76 -17 56 -3 -32 -97 61 -86 80 -85 -39 88 -54 -90 -95 -52 -82 2 -10 20 88 66 -29 77 9 -3 -79 -2 94 -22 40 -28 -41 1 87 -32 48 -92 -45 -10 -63 -84 19 -11 47 -47 -87 90 45 -18 51 28 -3 -93 98 -76 -93 26 -70 48 -73 78 -54 75 29 40 -43 -13 41 -26 79 -77 -96 100 -69 47 -49 -25 36 -21 86 -59 -100 5 59 -96 -28 81
65 90 82 -1 7 9 75 -30 -29 -83 -67 61 29 57 -20 -44 -97 15 -26 37 58 79 -36 88 78 -12 70 -82 37 58 -38 88 95 -18 -3 28 32 41 -33 2 90 -91 79 -28 -61 16 -6 -49 5 -75 20 -77 28 88 -61 -16 -8 68 9 61 -84 70 -46 34 -90 11 -80 -78 38 -87 43 1 -37 32 47 60 -62 12 -12 -91 18 -97 -16 58 -73 -44 -76 -71 87 -59 -35 8 -65 76 36 92 -66 19 -27 -89
42 -37 -42 -7 70 -97 8 96 55 -10 -86 -71 -4 -64 -56 -86 52 -32 -68 90 23 -81 49 57 98 -2 97 -85 92 79 -5 75 14 18 -69 -81 10 -16 -6 -55 -32 -41 64 69 -54 4 60 80 -72 63 -15 77 25 -51 48 87 86 -87 -29 -59 -5 23 63 -61 94 21 33 15 -2 60 -99 -5 -61 65 59 8 56 41 82 37 79 83 -14 47 -20 8 -53 -86 -3 31 -6 -32 69 -62 92 3 79 18 -60 -58
54 -98 -72 -39 -39 -97 53 37 78 -31 62 93 -32 -30 49 15 36 -97 72 46 12 -34 21 49 -34 -50 -98 76 -22 -66 -45 47 -48 -62 81 50 -49 16 32 -3 2 -92 -2 -59 64 40 29 1 29 54 32 -59 -32 -3 4 19 -55 55 -79 37 -60 -86 94 17 -16 -33 14 48 29 -87 20 85 -68 9 -17 80 -67 -73 -14 -99 14 -74 53 23 29 17 30 -57 71 -11 99 -97 -33 42 -25 -38 -96 -28 79 72
-61 -90 -69 90 44 -58 -4 12 87 -96 -2 -17 60 -31 -4 -12 -73 78 -3 96 -80 84 60 -90 -74 -57 -55 -25 -5 -80 69 -10 -74 46 34 -3 -60 17 -100 39 -51 -64 0 -57 77 77 -62 93 80 12 -40 12 61 22 -88 -39 9 -72 69 -50 -8 8 24 -85 -90 -92 98 82 -76 -44 36 4 29 71 -62 -44 -70 40 -34 24 93 -67 -81 9 -81 88 -64 -30 97 26 39 -100 -92 -65 -95 77 -72 86 91 -39
52 23 24 43 45 66 -79 -5 -73 -83 -56 -20 65 88 64 -91 47 58 -7 88 -53 -73 59 -59 85 12 -48 30 -74 50 95 78 -84 -66 94 -15 -64 -17 -59 55 -49 99 -71 17 -83 93 13 -95 11 66 -59 -97 -37 -38 79 -5 -89 -3 76 -99 34 52 -75 80 16 -5 -82 -70 -54 -27 -23 -39 -52 -8 -96 -32 -46 -14 -41 33 30 -21 76 -9 80 35 9 10 79 4 17 45 -33 18 96 -4 -16 -26 -61 -83
-20 91 -10 10 -58 -100 26 -84 8 -4 -36 -64 33 3 47 6 90 -48 -12 -76 -77 17 -86 -20 46 16 43 37 64 -93 92 23 65 -69 2 -62 33 70 58 -74 5 61 18 61 31 -100 -7 -91 -88 15 -51 -84 -100 97 99 -89 -92 -47 -75 26 -100 29 -14 -60 88 30 -77 85 43 21 34 -14 46 -40 85 -79 70 1 -19 -42 66 85 21 30 20 65 -93 -63 64 7 6 -68 2 -82 -57 -25 72 40 -32 -1
100 -27 35 -65 -72 13 -1 97 87 -42 51 5 42 -87 -9 -25 76 -14 -72 28 -97 -5 0 100 41 97 60 3 2 -92 -49 -2 65 -15 43 -94 22 -69 -14 67 -50 81 -40 28 -96 -90 -74 -89 -31 10 26 -99 -54 89 48 -19 41 61 -71 88 37 35 70 -5 9 3 -30 -23 14 -6 -57 44 -75 -6 71 89 92 -99 -55 -53 97 26 70 28 -20 -91 -46 -36 -48 48 58 15 -38 87 -50 -99 13 -94 -39 -9
48 -59 80 79 0 -53 17 -54 40 -84 -100 73 97 43 43 -36 62 -36 32 -6 -21 53 0 60 -88 -35 41 -98 96 13 23 48 -3 -79 -32 -16 -56 59 68 85 25 -17 -19 -57 97 87 46 37 0 48 -20 7 69 89 76 10 0 -68 -1 89 74 69 -85 16 60 19 -90 2 -69 -90 -7 97 47 94 -62 37 -14 -90 -20 54 57 -54 -21 13 61 27 -48 31 65 11 74 28 -49 44 -58 -4 44 42 -49 47
-71 -67 25 -64 4 -32 7 92 -2 54 -88 12 -81 -18 -14 29 -95 0 -15 -5 62 73 -59 -73 93 94 -62 -22 -83 74 -17 -47 38 57 25 -33 -58 -86 41 -59 -84 -33 29 12 -40 -9 -45 -2 66 31 76 -67 19 65 -97 22 -19 37 -23 -67 85 -14 33 52 54 -6 -4 28 -1 -71 -49 88 48 53 71 -51 -29 -16 65 -79 81 -42 -4 -83 -86 95 54 -46 1 24 -48 -51 85 63 -100 60 19 69 -27 -56
54 32 -91 -43 46 -8 2 -85 13 85 18 86 98 2 -36 29 62 0 -7 38 2 22 -28 -32 4 -92 -3 -1 97 50 17 27 -13 77 -100 30 -55 -4 15 60 19 65 -43 -69 -71 -77 -32 -42 -88 63 -20 -67 86 96 -99 -2 -11 -1 47 -41 -22 4 -94 -31 23 16 40 74 -16 83 -1 -31 48 65 -78 38 -57 12 72 -78 50 -56 -34 72 -47 -24 -20 -66 88 -89 70 34 19 66 76 -51 62 29 -19 -58
48 49 -16 55 -26 90 55 1 62 78 25 -48 -84 -22 -94 -32 80 -42 81 98 55 -35 25 -30 -91 -38 -33 17 -85 96 70 66 42 -17 11 28 91 97 45 -14 54 -93 -26 -81 -98 -21 98 36 6 11 -9 -17 82 88 -55 8 45 51 24 78 -74 2 -41 35 -24 -44 -34 82 27 -73 39 -45 11 -63 83 -50 46 -95 57 -53 75 28 100 97 66 43 29 74 69 59 -48 -93 29 -22 -54 -47 -22 -47 29 82
29 9 88 -82 -47 59 -36 50 27 -96 -4 -46 27 -10 -54 52 29 77 52 -91 45 -33 -65 28 -80 15 39 -39 -60 -6 -84 75 77 31 30 62 -76 -13 53 -69 -31 -41 86 -15 69 43 -85 -96 81 58 -35 -87 -11 -11 -84 9 68 20 19 -38 -57 93 22 0 -93 -91 7 16 -44 27 2 -86 92 -3 84 84 -88 81 -24 51 64 86 -93 33 -67 4 56 -89 27 -47 13 98 -41 12 -74 12 47 -82 -94 91
18 -69 -15 -87 -75 17 80 -51 -28 -79 -50 41 -26 37 73 32 -33 -72 -14 85 55 69 -97 20 70 1 -56 -75 82 -86 75 -51 63 -67 36 -70 88 64 -29 93 -8 -10 53 69 -17 49 -51 -44 15 0 -78 24 86 6 33 -6 30 -21 40 -30 -15 96 11 -80 75 -11 -32 -58 45 51 96 -96 48 -43 30 -97 -81 13 31 4 -69 75 44 94 36 16 89 35 -39 -47 -12 -50 87 20 88 -3 -26 59 35 25
78 91 93 63 92 -58 -1 -25 -93 -21 -38 -95 -6 -64 100 78 -97 17 2 3 43 -27 32 1 20 13 25 36 82 29 -50 -20 94 -29 -73 99 -98 -6 64 -99 -1 93 -34 10 -3 -87 -56 -46 59 14 -14 70 -26 64 -61 14 92 8 -47 42 -5 79 -13 92 72 -67 34 97 9 82 10 12 -25 34 19 76 -51 47 -51 77 -72 -71 -3 -78 77 33 92 76 -36 29 39 -72 4 -24 -26 -85 -61 -52 -4 28
-100 -11 89 -73 15 16 1 97 75 -92 -92 -36 79 23 13 -25 50 78 0 73 84 -20 78 -25 -54 35 -61 -93 59 38 44 -81 36 71 52 -80 -27 39 -53 -44 56 -30 16 37 84 58 -64 -50 -74 -96 -43 67 79 98 -39 -45 -100 71 -19 -21 74 -13 -96 97 -5 32 -17 98 36 81 -67 32 -26 53 -89 3 -61 16 -50 41 -70 -94 5 -49 -68 -65 -14 -98 -36 4 -83 -86 -95 100 6 -63 -4 93 -72 42
59 89 22 -89 -7 -6 -43 45 -40 28 9 33 -46 -32 -9 1 38 1 -71 56 13 64 40 -90 -87 17 -17 -51 6 -9 42 -96 -42 18 -62 -64 -58 95 -51 -18 68 56 -23 -33 -9 47 76 86 62 0 -10 64 -23 65 -20 -24 -50 23 -64 62 -29 40 28 -69 10 -42 70 -79 73 -22 49 2 10 73 72 80 35 -7 37 63 -95 -71 -14 -42 -7 19 -51 -87 -21 -19 14 66 4 -86 44 -45 63 35 -75 46
-37 24 -38 -74 -44 83 39 84 63 -96 -62 7 28 86 0 0 59 81 42 -27 64 -51 14 92 88 85 98 -8 -44 55 42 38 -100 70 82 -9 0 93 -60 -78 -1 20 74 64 -17 36 -3 38 61 71 38 -45 2 -27 -13 51 -95 75 -90 1 -74 -55 -78 58 -17 -69 -43 -91 -45 -24 60 97 55 -20 -35 100 76 38 83 -31 21 63 -65 -19 -22 -49 -64 -8 5 10 68 -96 74 -30 -14 21 95 99 -54 -98
-61 -77 -77 -72 -52 -45 -15 -7 81 -50 -77 -14 93 -92 -49 -35 31 62 48 -92 99 -18 39 13 -39 38 47 69 38 -100 88 -38 93 -52 -59 -56 84 -53 66 56 28 5 -19 -19 43 27 24 -54 -97 65 -34 -72 36 71 20 -63 -93 41 39 -18 50 -100 -59 -85 -22 -65 -80 -33 53 -35 77 78 -85 -86 54 35 35 20 -65 83 -20 -81 -10 -89 25 -11 56 1 39 35 -9 -7 73 -83 -5 -58 56 16 -94 64
82 -65 -37 33 -80 29 -11 -6 -81 76 21 -42 -98 -16 39 -6 100 -52 87 -46 95 1 -80 14 -75 -7 66 -58 85 -36 32 98 -59 -19 -44 12 52 -38 -25 -39 91 -26 -19 -49 -13 -66 -64 8 14 -7 41 -4 -66 40 -89 -25 92 -100 -93 -15 88 62 73 61 31 29 -66 -85 -22 -73 68 64 -5 44 -75 -9 -81 61 -42 -94 0 -64 86 -54 -11 82 -15 97 20 98 -17 97 82 73 -26 -63 5 -21 73 23
-79 -59 -39 46 19 71 13 63 99 -99 74 58 61 -63 -29 81 98 -70 83 -32 -91 70 2 -24 47 98 98 47 -96 12 71 -79 -64 16 19 -94 -81 90 -46 -71 -66 -16 -12 35 77 69 81 44 -7 -77 72 -44 35 -22 26 40 99 43 28 42 6 -29 1 43 20 -11 -96 78 -29 99 20 95 -93 53 40 63 62 55 27 83 55 61 -4 -56 16 41 -4 22 77 32 85 7 75 74 -45 -66 -28 66 20 52
93 11 41 -87 -62 85 -96 37 6 48 22 34 60 98 35 62 -32 63 0 56 28 0 -77 51 39 38 84 -42 -8 89 -2 62 12 76 -94 -71 96 -53 37 63 -85 34 66 -46 -92 49 19 -32 -6 -74 61 -74 19 61 99 32 52 -56 64 79 -66 2 79 -58 43 20 46 -49 54 -25 -19 -48 -94 -89 -67 -36 -82 -39 -41 -72 75 24 15 -31 42 -71 15 98 96 42 7 -13 89 -83 62 -21 -58 88 -21 -1
-21 -68 -67 9 63 66 59 -69 -78 58 -10 27 -30 69 -5 -58 -62 -80 47 -42 75 68 65 -70 -21 3 63 -69 -57 -70 3 10 -46 19 -75 14 -45 81 -70 29 42 47 49 -40 -100 65 87 -87 52 93 79 22 -44 -8 47 79 -17 70 86 75 -36 -61 -76 -50 14 24 17 78 -65 -63 66 -82 -51 56 -61 83 -61 -77 61 -42 46 20 -90 -4 -99 -25 6 -62 -78 3 -52 81 -7 -68 81 -30 -49 -98 91 5
-39 88 -88 58 72 22 -48 62 -58 42 -48 44 61 5 -36 60 -24 -43 -32 -82 11 -4 -73 72 -24 -64 17 42 -72 -92 78 -8 -35 -80 -78 -16 -85 91 -38 -7 73 77 -29 8 63 -27 3 20 4 -66 -79 -79 66 -13 -45 62 -20 57 -12 83 54 73 -47 -29 94 -38 -21 -94 -92 -42 -88 -52 61 6 84 -37 32 85 86 13 -15 -78 -63 77 24 -84 72 92 26 99 16 -39 22 -61 74 0 98 8 -38 35
-84 95 98 -11 73 38 -68 -22 95 63 47 -66 58 60 69 21 95 14 -88 48 52 -76 13 53 -37 -85 -28 -89 -99 94 87 -49 -35 -88 -49 -33 65 76 17 23 -73 -48 28 -31 -99 -45 29 98 81 0 -75 -35 -5 -99 39 21 90 -73 72 -75 -15 12 -15 66 17 -22 31 91 33 66 64 -70 53 -90 -88 38 -4 35 -23 -31 23 42 89 23 -9 26 -36 32 34 0 -83 -13 -66 -47 46 -96 84 82 83 -98
-100 99 -57 33 -89 18 93 -90 92 -79 -59 28 50 -66 -41 21 29 -64 26 1 -46 3 56 -88 68 -99 14 44 -34 54 -9 84 49 37 83 86 -21 95 30 41 -23 -100 11 24 -11 -5 -69 47 5 -13 32 -32 33 -95 -58 95 47 44 71 -25 -62 -59 32 -41 84 14 92 -50 -47 82 -19 75 12 -21 31 -77 -86 -1 62 -25 26 -15 69 -22 -91 3 57 -53 -42 -62 86 -1 -23 -65 47 84 -96 97 -56 36
-7 -75 -6 -37 88 -75 -6 -93 14 -15 83 60 -11 -46 75 47 -11 -23 -17 -5 -1 19 21 -42 24 15 35 33 53 99 28 -84 -31 -29 -49 81 40 -32 27 -38 -21 -18 -5 -30 84 12 54 24 34 -95 21 -25 78 53 80 -87 8 -58 72 -9 -92 54 55 -77 43 -97 97 60 -38 -6 -2 62 82 13 -43 2 -91 20 -79 98 -40 65 70 -60 -65 17 -19 -51 -29 -15 -30 -85 12 -57 21 38 33 43 -83 -85
37 44 90 3 -85 -91 27 -96 -30 87 -66 48 32 -33 66 16 67 14 72 -21 -68 -62 -60 27 -37 86 51 67 -12 55 82 77 31 40 -76 54 -1 43 64 11 11 -3 -6 2 75 48 -32 -96 66 43 -42 66 -56 -17 87 -7 -74 -71 -3 66 -84 16 5 -73 -4 -60 -82 -35 -24 -56 5 61 -42 42 -49 -4 -62 75 78 57 81 23 80 -70 55 16 83 61 -70 85 72 13 56 20 -12 59 -2 -32 96 -19
36 -5 -47 -58 -87 63 -86 -27 -31 -21 -35 89 6 -61 -30 86 -98 13 1 6 -66 43 19 44 -96 98 -40 49 64 -9 -16 58 97 -63 -37 5 -74 38 35 85 83 -64 -2 -1 48 82 -10 -10 -87 94 -74 -38 -8 -44 35 11 -64 53 70 -63 74 73 87 0 -37 -60 -11 99 15 -78 69 -42 68 42 17 -39 9 34 7 -13 76 -64 -95 36 33 -21 77 -65 -40 55 -17 -46 -97 -82 69 -41 -41 66 53 -46
40 83 81 -66 -59 -14 -22 15 -56 -83 -96 -76 -28 45 -2 51 -19 5 87 -47 16 -53 73 51 16 30 20 83 46 15 -10 6 79 -49 79 -55 36 -29 -47 48 1 -63 32 9 20 69 -81 -30 -48 -23 50 27 -73 52 -24 -46 51 37 65 -86 81 -21 76 -87 16 -34 97 -32 -22 -93 -96 -16 -37 44 -90 -24 97 -21 -74 3 51 88 -72 -85 -17 26 30 -4 -43 -45 -72 61 -68 16 -59 -83 -73 38 51 -57
43 -92 89 71 -73 66 4 -1 77 -33 93 6 -25 50 -44 -50 49 90 12 -40 52 -88 76 -59 -16 94 -46 -33 -49 11 50 14 -96 77 14 -51 23 27 11 29 -30 -40 -46 84 22 28 38 -99 -46 -80 20 -44 5 15 -64 -32 92 39 26 81 3 80 -23 -74 10 -18 39 -15 47 -17 31 -41 -17 -23 62 18 68 -47 -65 29 -99 -47 89 33 18 -77 9 24 -60 -37 10 17 -85 -30 -17 -9 15 -29 -25 -14
-69 -17 7 38 70 -48 -49 62 24 -51 -34 25 55 -70 77 97 57 18 -42 68 76 -27 32 36 -17 -76 -79 2 41 59 -50 -16 81 -38 -8 32 -43 -100 19 -26 68 -98 -42 100 -96 79 48 33 -38 57 16 -100 79 -49 40 67 -38 0 -76 95 -18 83 -26 42 -94 -44 53 41 6 66 58 9 -8 38 -4 65 1 -34 -63 -30 20 46 -23 -94 72 86 -61 -53 11 -3 -41 26 -79 32 -57 88 -23 -73 -24 -57
89 -11 -74 -49 -35 -98 -25 65 -88 36 91 62 -68 -37 -48 51 5 48 -30 -58 -13 97 -42 -18 96 17 96 -78 63 -86 -30 79 3 -46 -37 68 -26 -37 43 -25 -68 -26 39 60 7 81 -74 -90 -80 -60 71 34 62 72 -13 -38 74 -8 24 8 98 59 -43 -35 95 -19 -21 -74 92 -87 -30 -88 -90 -21 67 44 -1 -74 -18 71 -51 47 -71 26 89 77 50 54 -100 -2 -24 13 -82 14 10 33 -68 -78 84 99
73 51 84 2 -96 95 -38 27 68 36 4 27 60 85 32 -51 -80 -2 -57 -87 6 36 -4 -23 -44 -99 76 -59 68 -92 -18 -68 -47 -58 59 -36 -34 -95 15 -67 -80 -26 -70 50 -79 -84 35 -6 -99 -68 17 6 -54 -22 29 38 -13 20 -34 6 -73 25 35 0 -91 -38 -42 86 86 27 24 -99 -2 45 -6 -56 45 -87 34 -2 96 60 -41 -96 -16 77 -61 63 -25 -58 -91 14 -5 -55 43 42 89 -23 59 13
-49 -64 -48 42 16 0 72 14 -74 -1 -93 -1 -98 35 -62 -4 -32 65 -10 -48 -88 -49 60 -27 -21 -75 -88 -15 -34 -30 -38 -22 81 -13 18 12 -14 60 -75 5 -47 -17 19 -53 86 -26 36 4 -24 -17 -34 75 15 -2 16 69 -39 -97 -76 -54 -76 29 6 5 -95 -3 29 34 86 68 -79 -98 89 -90 -5 -58 63 -42 -4 -94 -100 -34 -92 20 -36 -58 -40 -86 16 57 25 17 -26 -27 72 58 12 -58 -4 12
25 59 38 -100 3 20 56 53 15 65 -16 -71 54 9 -84 -97 62 -58 66 -69 8 -70 73 0 60 82 -62 42 89 22 -20 -9 -89 -25 2 90 38 -33 38 -51 84 -88 43 -42 -98 52 -42 -82 -59 88 -94 4 -57 -21 -48 0 47 53 63 18 51 94 87 95 82 -55 -90 56 11 74 32 33 79 -20 -44 -41 -27 -82 46 49 -26 88 -40 -68 82 19 -11 -21 -6 5 -57 64 33 -56 66 77 6 38 -46 -2
68 -27 91 10 38 77 -23 34 64 -89 74 97 -56 38 -87 -36 -76 37 -54 76 63 -49 -34 -99 -53 71 -17 44 -5 62 92 -33 1 -65 -56 -74 12 -27 16 -16 -98 -28 -87 16 -76 -50 80 37 -92 43 -65 46 49 -86 -32 -48 99 78 5 -33 -94 -91 73 -14 8 75 -11 42 -99 -37 -90 -40 67 5 53 51 -83 54 -4 24 86 -94 66 16 54 86 -55 74 26 32 -46 -9 85 79 18 -78 -86 -99 -79 70
1 85 88 -64 -100 -100 73 -32 -16 -37 6 45 -94 5 -3 -24 -62 -40 -19 -77 -54 -76 -38 -68 -74 36 70 75 59 -98 37 39 39 18 -15 46 -94 -22 55 -13 71 15 16 -38 -15 -94 -37 52 77 22 78 -7 -74 14 -95 51 52 86 -99 99 71 -34 56 -51 13 67 -87 -100 30 55 12 72 -42 -96 48 -25 -98 -26 -97 94 83 29 25 81 36 -24 34 -68 -43 85 -34 -85 -87 52 59 -73 -32 36 -73 100
-7 -28 20 -10 54 -36 87 36 0 96 97 -96 64 45 -83 9 -100 2 -17 -73 14 -34 10 51 8 -94 80 4 -27 61 -88 16 -23 22 -87 -47 -73 -44 91 22 46 -38 -31 26 -29 -15 -89 87 15 -37 -80 -76 -42 75 -8 -55 91 91 -75 -73 -49 12 13 44 25 36 71 -93 40 -64 20 -20 -3 -38 -2 -35 -13 61 -15 -52 -28 67 93 -97 -99 62 -24 27 20 73 -83 -26 40 -27 15 55 47 -56 -38 66
73 19 -2 -46 -92 97 17 -91 31 -92 92 -14 -55 79 -52 -53 -96 57 -40 38 47 20 -80 63 21 -48 -84 -63 -45 -87 80 66 32 91 65 -56 21 -69 -3 57 -5 -42 -42 -93 -69 -29 -8 65 -5 98 -68 -31 76 -17 -24 63 37 -60 -68 -41 -66 -24 -55 -62 61 32 -7 -68 -21 -90 -90 -21 -40 96 45 -30 -10 3 -48 58 -3 -36 12 -69 -58 62 36 30 96 -40 3 -28 -94 -86 -47 0 1 6 24 95
85 66 19 42 -44 86 100 43 83 78 -54 -62 -29 75 29 -50 19 -75 -20 -59 -96 39 -78 99 58 -88 41 96 84 -60 0 49 32 19 -34 -64 -39 -87 -64 -90 72 -23 -84 -68 -35 -11 40 -2 83 69 36 -28 -48 -54 -68 31 23 55 74 43 -20 -71 -4 63 61 -2 87 -24 77 30 -71 -53 37 91 -91 -2 21 -17 100 -68 90 -60 -10 -31 -48 96 -9 53 -6 -9 69 -97 56 -87 -60 -39 48 21 -82 -15
-78 -41 -60 -24 -32 50 -74 2 -93 -38 71 94 -90 47 -51 -66 33 70 85 -9 -73 75 -45 -9 7 98 39 25 78 37 22 23 -1 41 4 -95 -33 15 -50 -62 9 -51 15 -42 4 16 -69 -52 -20 21 41 86 14 -85 24 -94 96 -11 -93 -91 63 65 31 -95 40 45 64 77 42 49 -55 -3 7 48 80 13 -19 -24 80 -61 32 71 50 18 -38 -73 -95 -32 -37 -67 -7 74 59 76 99 -50 -65 -93 48 8
66 -59 -30 -82 75 80 15 20 -8 96 20 55 -27 26 20 -53 88 52 24 -48 -6 78 25 -45 -11 70 98 86 75 84 21 -65 -58 -8 -83 15 92 -96 -16 -45 -4 -45 35 23 -80 8 -13 45 67 -67 -52 -67 15 85 82 60 -43 37 -86 -36 -92 77 -51 -36 -3 -2 45 4 -97 84 -18 -1 84 -4 -59 78 -40 15 89 58 57 -97 -87 9 58 -82 -91 -54 5 -8 -51 -39 -67 -37 -92 -68 49 -100 -82 -55
67 -42 77 -2 53 26 -79 -74 19 -14 41 60 7 67 66 -65 2 -4 -20 -71 34 -42 100 76 88 -39 -10 71 -13 -79 43 -25 3 -56 -58 4 69 -10 42 -89 -83 -93 9 91 -18 -12 -51 -54 -28 -98 27 36 49 20 -64 -49 -20 21 -98 -12 40 -22 -48 19 -10 -3 -31 -72 36 -96 -58 -46 -59 31 17 73 32 -23 -18 -68 -91 -19 54 67 -90 -81 93 -2 66 84 -30 31 34 -33 -91 -16 -19 97 35 74
10 -80 31 42 57 46 46 -59 19 -11 45 -12 59 86 -96 -36 11 37 -90 63 21 15 -51 38 -14 92 -55 46 -86 61 -89 34 24 86 -92 -66 65 -83 63 -50 4 -70 12 -13 57 39 -2 -44 61 82 47 3 60 -75 20 75 -26 -15 -60 100 -77 -55 -67 -71 -95 57 -46 -32 -39 -74 -90 79 -55 -30 -45 42 -44 -69 -41 -3 16 -11 -29 10 -37 -13 -46 -21 36 96 52 43 54 61 -26 -21 92 -32 -82 -41
80 24 -76 -90 48 -75 -40 -55 -18 76 -62 -23 31 -72 -27 76 -60 -16 47 5 -30 8 -57 -9 4 -40 2 -70 -86 -55 -30 92 60 -32 60 -18 -69 -20 -81 44 -68 4 89 -24 -94 2 22 8 49 -35 42 27 -31 -50 22 -38 14 31 81 51 -95 41 27 -52 -53 -34 -23 -33 80 -45 47 10 -55 -63 96 -56 27 -25 28 -28 -6 -80 -41 32 -65 73 -5 -29 1 -93 14 11 57 -25 35 20 -8 47 -70 17
84 -11 10 -79 -36 55 41 -10 -29 68 29 -67 90 34 -20 1 63 -18 -88 -76 -13 -49 -45 57 -66 -89 68 -17 -79 86 6 90 54 -82 75 -19 35 -1 -23 83 -98 -43 -76 -30 19 -73 -48 38 -23 -2 40 -43 -60 -15 97 -49 21 26 47 89 52 -18 -58 73 53 -18 31 -60 50 44 -50 23 -54 35 30 -54 -91 90 -53 -21 -8 -73 -91 29 -16 -97 -34 -54 -2 3 92 -99 -2 4 52 18 13 -52 -47 29
-16 42 62 -45 -1 15 52 0 -89 -21 -37 -50 -47 20 -78 11 -70 -71 70 0 -68 -3 1 85 -47 -25 76 83 58 -32 59 67 48 64 27 -5 -64 -21 14 -9 -63 18 32 -51 -50 75 -13 98 54 77 34 -31 -82 2 -30 78 31 14 -83 -37 5 -15 -54 -35 -26 -40 -81 52 -57 44 -69 -85 -33 -11 -27 -42 52 -32 44 -51 38 -17 -3 -71 76 -80 -7 8 67 12 17 1 -51 31 -63 8 -64 4 56 -36
37 92 -94 24 -68 -74 -31 68 98 -97 66 -97 32 47 -72 -30 41 -62 -22 45 -31 -71 -88 -49 -6 -8 -78 -23 2 -57 57 -42 73 69 25 -5 -52 71 6 -44 -27 -91 -29 -65 31 -100 92 -56 -22 10 46 91 -48 -97 -61 78 58 23 -15 3 18 73 -64 3 -97 27 58 -9 -100 41 -40 -2 -2 72 -32 -38 -43 -20 -100 1 53 -78 25 16 -73 -92 -2 7 48 -84 5 -71 36 -20 36 74 -66 95 -49 -61
51 -92 -61 -49 19 85 -12 -22 46 34 -85 6 44 45 -73 -51 16 76 -38 14 -71 77 56 -26 44 32 0 -9 52 16 90 37 35 78 97 -71 -74 -62 -85 -68 86 -2 67 -84 87 -16 -22 -99 -53 4 -73 -29 -9 6 -49 85 -11 27 52 2 93 48 78 -51 -36 -66 18 27 76 7 -70 5 53 43 -88 41 0 76 -88 81 68 -1 75 60 63 80 76 96 -47 -68 -18 -9 48 11 -27 -76 -92 50 9 74
-26 72 95 27 -55 -9 -31 -52 -47 96 -100 42 66 56 -26 98 -81 -49 31 -56 98 3 -47 -57 -100 12 3 80 -1 28 55 -57 -81 51 62 -49 88 70 -29 -85 -16 -5 36 -21 2 3 -68 -71 58 21 11 -42 -29 -17 10 51 -66 45 2 54 -100 -35 -88 -92 -23 -93 58 -28 -37 17 -3 -15 -66 12 88 74 -70 91 -87 -82 40 10 88 83 27 -92 11 99 75 88 -86 -75 35 79 -40 48 49 -71 -5 -99
-20 80 -72 -84 -86 -20 -31 -17 -96 96 -69 51 -80 98 -3 -54 46 33 -38 71 2 -49 -93 75 -96 -81 -99 20 89 -75 70 47 -30 35 -79 -34 -5 -19 -23 92 82 -5 19 -67 -94 13 -94 95 -66 -53 100 57 -82 44 -9 -16 -81 28 -4 100 -37 73 71 74 -67 46 96 -23 55 -3 51 -93 -24 -39 45 36 67 -57 -93 -32 -44 91 39 -55 -6 64 -5 -46 4 -67 -13 -17 -70 10 -33 81 17 64 -63 -61
43 86 42 57 -37 90 -73 -81 -46 75 55 15 14 70 -26 -17 -30 -52 -5 28 -9 70 29 70 87 40 92 -40 36 80 4 18 33 -14 60 -97 -71 -51 12 60 83 36 -32 -61 100 74 -49 92 46 36 -66 28 59 -96 78 -45 -61 -50 -96 -71 84 74 78 -14 45 90 -96 73 85 1 30 -57 1 -48 -49 -47 96 46 74 -89 -24 24 -79 73 -3 81 62 -13 57 -7 -22 46 5 -83 80 -66 -54 -2 38 9
-100 -17 -82 96 80 86 -98 -40 97 -38 -83 -85 -63 28 -39 -92 7 -41 -15 -86 -66 56 -21 26 -9 64 -26 -100 -8 -90 94 -53 30 12 0 -30 86 -82 55 27 57 -9 43 -93 -28 -17 -37 99 19 -37 26 -69 29 -44 3 -3 73 63 66 -73 -69 20 -4 95 46 58 -41 -32 55 60 -52 -65 -14 -52 13 91 -26 0 -86 82 20 -68 -10 -36 -57 -22 -67 -14 -100 82 -13 -47 -23 6 97 -99 41 -38 66 13
-10 59 -15 -65 -12 98 -91 75 -10 71 -18 -3 -84 -82 25 -14 81 91 -60 -69 -17 -38 89 99 -72 -39 19 -60 -44 -30 -46 86 27 84 29 3 28 39 -62 70 -96 21 -89 31 -68 -68 46 8 -17 -49 37 78 -51 -74 43 -48 37 -22 -96 16 -25 71 -40 51 -26 100 8 96 -62 -51 93 70 7 99 22 -95 -47 -41 10 -37 -67 24 28 -47 87 98 -78 -94 9 -60 88 61 -53 65 -96 -36 -91 69 81 -63
-1 86 -48 -79 54 81 59 -53 19 6 44 -53 92 41 -22 63 22 -9 26 38 50 -9 -4 -40 -11 19 -50 80 44 48 -9 -20 -38 -89 -55 -54 66 89 -52 -34 -36 -43 74 -59 -30 -92 -45 38 -60 -49 36 -13 -60 -26 32 -78 33 37 -53 33 -53 76 -62 -91 63 7 95 68 86 -3 -18 -80 97 26 93 -65 48 34 57 -47 50 48 50 69 79 -21 -81 -71 -71 16 -6 -70 92 32 57 69 -26 -46 10 -21
-99 42 92 -5 -30 20 -71 100 88 -37 5 -74 63 -98 -42 -5 -62 28 -26 -40 -4 -99 68 17 -93 -40 -18 28 -46 -94 -2 -83 37 -41 -76 12 36 -10 -12 -38 83 42 -8 -83 -33 17 -19 -75 37 94 -86 -100 78 96 88 -17 -57 -25 34 -12 -77 -25 -99 -73 -91 -50 -83 51 76 86 45 57 100 79 -62 83 -59 -51 44 -15 -49 89 19 35 77 57 98 -53 24 95 -79 -84 -11 13 30 -48 -95 -5 38 -60